174
701
1239
1299
2914
3257
3320
3356
3491
5511
6762
6830
7018
6939
7
24
37
49
50
70
89
102
127
138
147
224
228
243
273
288
293
297
300
306
312
316
319
321
341
345
351
352
356
367
400
518
542
559
567
571
600
637
668
683
688
745
749
764
766
786
818
905
1226
1348
1554
1556
1565
1569
1586
1733
1798
1827
1837
1955
1998
2026
2384
2544
2576
2611
2614
2633
2650
2665
2675
2727
2769
2894
2920
3136
3219
3233
3240
3401
3471
3477
3527
3562
3635
3705
3709
3766
3926
4152
4179
4193
4211
4454
4651
4758
4782
4820
4859
4894
4954
5108
5110
5132
5306
5498
5507
5542
5744
5774
5831
5860
5972
6040
6122
6150
6559
6699
6733
6769
6849
6922
6966
6989
7086
7194
7417
7465
7471
7497
7564
7773
7872
8103
8140
8194
8240
8414
8506
8517
8519
8659
8834
8867
8956
8978
9201
9270
9275
9389
9489
9509
9546
9647
9650
9732
9811
9821
9829
9835
10063
10187
10412
10442
10616
10670
10897
10921
10938
10944
10954
11097
11205
11361
11394
11577
11663
11687
11708
11802
11956
11974
12051
12102
12156
12191
12253
12303
12376
12443
12509
12511
12564
12782
13011
13029
13223
13325
13456
13470
13506
13543
13611
13685
13781
13788
13855
13918
13972
14072
14223
14242
14263
14303
14308
14488
14677
14734
14736
14827
14877
14977
14983
15029
15130
15147
15196
15205
15304
15383
15386
15419
15770
15806
16060
16426
16502
16569
16697
16700
16701
16741
16796
16986
17120
17147
17297
17365
17485
17494
17574
17595
17793
18043
18055
18125
18255
18431
18440
18482
18558
18614
18760
18777
18847
18889
18975
19014
19050
19076
19179
19185
19307
19323
19329
19348
19399
19426
19534
19589
19713
19722
19723
19725
19779
19827
19902
19904
20009
20047
20091
20097
20116
20336
20372
20548
20661
20702
20820
20905
20929
20950
21002
21096
21325
21449
21489
21564
21589
21633
21669
21694
21696
21843
21852
22066
22073
22088
22252
22284
22304
22422
22472
22498
22515
22617
22757
22828
23024
23025
23038
23067
23074
23228
23271
23281
23301
23307
23363
23457
23483
23544
23596
23744
23799
23889
23917
24151
24313
24394
24449
24595
24675
24845
25094
25241
25278
25354
25373
25377
25444
25461
25554
25628
25640
25664
25729
25807
25808
25832
25876
25925
25979
25992
25996
26025
26059
26064
26100
26218
26229
26263
26402
26439
26515
26565
26765
26810
26814
26903
26923
27033
27064
27065
27066
27139
27142
27201
27202
27206
27273
27370
27412
27673
28197
28222
28261
28291
28371
28513
28563
28602
28616
28629
28637
28682
28727
28810
29093
29263
29325
29335
29348
29466
29585
29600
29626
29901
29935
29992
30049
30185
30243
30268
30412
30415
30445
30450
30577
30754
31004
31065
31215
31236
31256
31278
31313
31324
31581
31753
31756
31900
32146
32193
32269
32294
32324
32365
32457
32629
32635
32711
32770
32815
32843
32982
33138
33248
33343
33370
33515
33527
33594
33638
33845
33967
34073
34123
34478
34592
34663
34670
34808
35175
35264
35302
35338
35373
35503
35542
35704
35709
35789
35956
35960
36045
36069
36081
36223
36340
36358
36479
36542
36548
36555
36612
36739
36750
36809
36885
37016
37051
37066
37130
37219
37258
37313
37385
37434
37466
37654
37677
37978
38027
38157
38236
38293
38296
38328
38414
38450
38470
38526
38574
38603
38764
38863
38886
38915
39098
39154
39279
39353
39658
39662
39675
39804
39949
39961
39990
40042
40109
40116
40148
40158
40249
40267
40382
40411
40468
40553
40623
40648
40651
40749
40839
41289
41306
41312
41336
41376
41394
41424
41502
41530
41548
41636
41716
41739
41888
42056
42142
42165
42211
42848
42894
43011
43028
43104
43188
43193
43344
43378
43381
43475
43558
43797
43806
43838
43922
44110
44328
44403
44442
44560
44689
44698
44998
45316
45353
45442
45703
45712
45732
45793
45808
46017
46093
46153
46169
46376
46439
46491
46520
46522
46565
46631
46637
46674
46692
46788
46792
46846
46879
46880
46963
46966
47031
47032
47519
47672
47736
47797
47922
47944
48037
48109
48184
48247
48298
48703
48751
48843
48928
49010
49016
49049
49077
49234
49324
49369
49437
49507
49666
49728
49918
49932
49950
50192
50222
50233
50252
50256
50270
50290
50758
50893
50944
51010
51051
51098
51172
51438
51455
51482
51566
51707
51882
51912
51970
52184
52293
52318
52608
52622
52628
52649
52740
52867
52890
52958
52997
53012
53016
53116
53159
53188
53203
53204
53302
53442
53455
53472
53500
53527
53789
54050
54068
54099
54156
54157
54179
54199
54222
54245
54332
54371
54385
54469
54474
54549
54669
54735
54797
54832
54883
54885
55046
55063
55131
55135
55178
55330
55433
55435
55446
55566
55580
55741
55870
56051
56105
56141
56236
56506
56519
56557
56561
56588
56670
56751
56855
56929
56974
56978
57058
57124
57201
57352
57445
57580
57602
57637
57729
57736
57956
57965
57968
58031
58083
58151
58185
58282
58469
58476
58488
58545
58716
58812
59132
59142
59151
59189
59193
59503
59619
59715
59801
60179
60279
60324
60562
60583
60903
60967
60997
61014
61106
61128
61160
61352
61353
61458
61569
61572
61612
61656
61738
61779
61903
61933
62022
62090
62186
62220
62260
62364
62507
62548
62559
62648
62658
62798
62841
62924
63010
63097
63254
63316
63317
63385
63500
63770
63932
64026
64261
131150
131239
131268
131279
131341
131693
131724
131765
131782
131784
131785
132027
132043
132066
132117
132205
132219
132228
132237
132293
132321
132469
132599
132616
132634
132723
132909
133015
133037
133102
133345
133383
133387
133826
133839
134073
134099
134111
134131
134164
134635
134659
134690
134819
135008
135018
135118
135457
135471
135472
135473
135485
135551
135666
135675
135769
135835
135860
136035
136060
136067
136085
136087
136094
136154
136291
136601
136656
136659
136667
136701
136842
136882
136889
136971
137287
137291
137294
137308
137318
137340
137342
137361
137379
137381
137540
137590
137646
137671
138050
138055
138059
138071
138082
138086
138095
138097
138114
138127
138247
138488
138727
138806
138835
138851
138852
138858
139154
139237
139364
139368
139439
139501
139614
139828
139940
139943
139948
139980
139992
140002
140023
140110
140170
140424
141048
141058
141066
141288
141295
141478
141501
141583
141644
141659
142314
142343
142384
147136
147171
149154
149265
149372
149375
149384
149402
149607
149676
149699
149748
149889
149968
149974
150188
150283
150442
150925
150943
151007
151561
151645
152422
152576
152671
153075
153213
154367
196722
196778
196821
196852
196870
196902
197016
197136
197370
197489
197497
197553
197668
197829
197869
197874
197942
197973
198033
198142
198435
198472
198530
198531
198561
198687
198730
198815
199131
199148
199189
199300
199350
199541
199583
199663
199729
199844
200145
200189
200364
200521
200538
200568
200630
200764
200777
201139
201174
201547
201557
201643
201688
201720
201762
201859
201897
202024
202123
202342
202394
202407
202519
202553
202655
202710
202865
202961
203147
203242
203310
203311
203396
203474
203506
203581
203609
203665
203673
203703
204182
204206
204222
204260
204341
204452
204486
204635
204679
204806
205033
205250
205346
205370
205461
205471
205637
205760
205861
205989
206010
206341
206418
206458
206490
206600
206629
206645
206845
206860
206879
206918
206977
207263
207275
207282
207316
207894
208096
208153
208237
208240
208284
208508
208551
208605
208654
208740
208820
208973
209125
209171
209175
209374
209457
209511
209676
209682
209721
210140
210213
210229
210591
210592
210822
210872
211080
211319
211452
211589
211734
211799
211875
211929
212106
212151
212157
212398
212428
212542
212778
213009
213065
213099
213158
213206
213238
213283
213317
213417
213680
214945
214966
215215
215324
215608
215776
262264
262486
262655
262679
262714
262882
263023
263198
263261
263406
263638
263639
263850
263857
263876
263953
264019
264080
264087
264102
264313
264338
264423
264467
264468
264469
264476
264481
264495
264694
264808
264916
265020
265049
265064
265071
265073
265212
265375
265431
265450
265589
265939
265994
266031
266432
266495
267086
267230
267310
267392
267509
267525
267534
267626
267932
268014
268178
268220
268293
268507
268639
268758
268889
269045
269175
269191
269209
269324
269346
269404
269498
269549
269607
269613
269801
270308
270327
270328
270681
270710
271029
271145
271246
271467
272336
327795
327861
327903
328316
328665
393228
393281
393308
393313
393341
393352
393535
393555
393638
393661
393759
393777
393799
393819
393956
393993
393998
394015
394020
394165
394216
394238
394240
394286
394366
394411
394426
394438
394465
394534
394613
394633
394712
394748
394755
394850
394942
394985
395005
395134
395272
395386
395399
395411
395474
395604
395614
395627
395634
395660
395708
395789
395872
395877
395913
396012
396072
396090
396117
396155
396220
396262
396320
396369
396408
396416
396484
396513
396890
396943
396972
396973
396978
397070
397142
397276
397371
397375
397486
397799
397824
397940
398290
398412
398440
398821
398905
399436
399437
399974
400257
400425
400588
401343
8
9
12
16
17
20
26
32
34
46
59
62
73
82
87
88
103
109
111
137
156
161
194
209
210
217
225
278
376
513
553
577
680
702
714
715
760
789
797
802
823
852
979
1103
1128
1133
1161
1219
1221
1241
1249
1257
1312
1351
1653
1741
1742
1776
1820
1835
1853
1888
1897
1916
1930
2047
2055
2108
2165
2200
2496
2497
2516
2527
2553
2571
2635
2639
2647
2715
2818
2834
2843
2846
2852
2856
3147
3209
3215
3236
3243
3258
3301
3303
3313
3316
3329
3333
3352
3379
3388
3389
3449
3456
3462
3481
3486
3561
3573
3614
3685
3701
3724
3778
3786
3842
3920
4015
4046
4130
4134
4155
4181
4385
4455
4515
4528
4538
4583
4593
4608
4611
4618
4657
4668
4685
4694
4713
4755
4760
4761
4766
4792
4804
4808
4811
4812
4822
4837
4847
5403
5404
5432
5483
5517
5520
5539
5607
5617
5650
5661
5723
6057
6106
6134
6200
6220
6253
6262
6325
6352
6354
6356
6360
6366
6389
6429
6510
6619
6629
6646
6698
6724
6730
6758
6799
6805
6810
6848
6855
6949
7004
7040
7046
7162
7276
7301
7303
7359
7506
7552
7575
7625
7630
7684
7726
7764
7843
7896
7922
7941
7973
7979
8030
8068
8069
8070
8075
8076
8151
8193
8220
8234
8248
8255
8267
8291
8303
8304
8308
8342
8359
8374
8391
8400
8412
8426
8434
8484
8535
8551
8560
8612
8648
8660
8674
8692
8708
8739
8763
8767
8839
8856
8881
8883
8891
8901
8972
8985
8987
9002
9063
9121
9123
9145
9158
9159
9198
9286
9308
9318
9370
9371
9498
9597
9607
9644
9752
9808
9891
9924
9952
10010
10029
10122
10158
10361
10411
10668
10694
10745
10753
10755
10794
10846
10879
10912
10929
10966
10982
10996
11019
11054
11078
11105
11106
11207
11273
11278
11279
11403
11406
11426
11432
11442
11492
11520
11664
11696
11719
11740
11745
11790
11807
11827
11840
11855
11872
11985
12005
12059
12079
12145
12148
12217
12229
12257
12301
12306
12312
12322
12329
12337
12353
12389
12400
12479
12488
12516
12525
12601
12616
12637
12678
12696
12732
12813
12816
12827
12876
12978
13008
13041
13147
13193
13237
13335
13348
13371
13445
13462
13489
13490
13535
13588
13645
13649
13684
13767
13768
13796
13812
14061
14259
14298
14299
14340
14618
14627
14738
14744
14745
14782
14907
15113
15149
15169
15208
15224
15318
15348
15391
15395
15435
15456
15549
15557
15598
15632
15685
15830
15897
15967
16075
16107
16125
16138
16182
16276
16326
16345
16347
16462
16509
16552
16625
16637
16660
16686
16733
16735
16751
16839
16848
16876
16880
16922
17035
17054
17055
17506
17564
17623
17676
17685
17716
17881
17961
17983
18051
18160
18229
18403
18465
18568
18705
19189
19224
19250
19317
19318
19373
19437
19551
19557
19574
19648
19679
19780
19871
19905
19994
20044
20141
20258
20473
20546
20596
20633
20675
20705
20740
20746
20756
20764
20857
20860
20940
21051
21192
21245
21276
21341
21777
21785
21840
21859
22024
22063
22244
22390
22414
22427
22548
22604
22611
22612
22652
22697
22773
22834
22989
23005
23028
23140
23162
23237
23352
23393
23576
23616
23693
23724
23816
23820
23910
24211
24247
24282
24400
24429
24436
24462
24482
24547
24572
24586
24600
24611
24638
24641
24690
24723
24768
24823
24843
24913
24940
24955
24961
24971
25106
25159
25192
25248
25285
25291
25394
25506
25532
25697
25751
25773
25829
26042
26046
26101
26210
26342
26347
26380
26496
26529
26662
26666
26762
26787
27011
27257
27357
27365
27385
27589
27632
27647
27715
27790
28089
28571
28573
28604
28753
28785
28812
28839
28855
29003
29066
29097
29169
29182
29222
29226
29278
29298
29447
29550
29561
29670
29691
29702
29758
29789
29802
29816
29873
29988
29990
30060
30083
30148
30193
30217
30313
30320
30383
30447
30633
30641
30811
30860
30931
30983
31034
31042
31080
31083
31133
31151
31174
31200
31483
31621
31715
31727
31747
31822
31898
31937
32181
32244
32338
32354
32368
32472
32475
32489
32577
32934
33070
33083
33091
33191
33198
33442
33522
33738
33764
33837
33905
34011
34086
34156
34177
34285
34309
34343
34624
34655
34762
34788
34798
34878
34879
34959
34984
34993
35028
35039
35179
35237
35278
35280
35285
35293
35415
35673
35676
35739
35916
36154
36323
36351
36459
36646
36647
36692
36850
36947
37061
37936
37963
38099
38244
38283
38365
38532
38631
38700
38731
38952
39029
39122
39134
39218
39287
39351
39392
39415
39551
39570
39572
39605
39684
39729
39731
39787
39832
39960
40009
40026
40027
40034
40401
40428
40444
40509
40675
40824
40913
40934
41064
41079
41231
41417
41468
41615
41628
41653
41690
41706
41722
41887
42044
42216
42223
42244
42371
42532
42567
42612
42632
42649
42652
42656
42708
42807
43037
43066
43081
43091
43226
43247
43298
43311
43317
43350
43354
43362
43391
43399
43513
43541
43614
43727
43740
43896
44014
44051
44066
44112
44128
44239
44310
44386
44444
44521
44615
44704
44716
44788
44865
44925
44932
44968
45061
45062
45090
45102
45474
45530
45544
45596
45638
45644
45708
45894
45899
45903
45974
46015
46375
46469
46475
46562
46606
46617
46636
46652
46844
46928
47381
47388
47481
47524
47541
47544
47577
47583
47586
47610
47724
47764
47768
47846
47917
47948
47952
47957
48018
48061
48096
48158
48282
48287
48324
48347
48399
48447
48579
48635
48716
48851
48854
48894
49002
49063
49127
49179
49186
49372
49434
49453
49505
49675
49699
49981
50090
50098
50198
50214
50245
50313
50335
50340
50472
50482
50613
50638
50673
50881
51013
51115
51154
51219
51269
51468
51527
51577
51586
51713
51722
51852
51859
51870
51894
52007
52016
52030
52130
52580
53332
53334
53589
53667
53736
53831
54004
54113
54288
54290
54455
54489
54641
54994
55219
55293
55374
55470
55532
55705
55824
55836
55951
55960
55990
55992
56041
56046
56048
56201
56655
56694
56898
57046
57073
57363
57503
57629
57724
57788
57811
57910
57918
58010
58061
58135
58182
58461
58466
58521
58540
58542
58593
59019
59188
59238
59253
59507
59627
59692
59835
59939
60068
60175
60229
60330
60362
60404
60458
60527
60580
60664
60684
60772
60781
60813
60885
61157
61168
61293
61306
61317
61400
61866
61969
62041
62371
62416
62712
62744
62804
62856
63023
63139
63210
63362
63410
63648
63826
63835
63949
64258
131144
131363
131392
131429
131435
131623
131663
131930
131942
131965
132203
132420
132520
132557
133231
133260
133274
133618
133865
134029
134351
134543
134756
134763
134771
134774
135354
135377
135402
135629
135905
135967
136111
136133
136258
136907
136958
137235
137409
137517
137661
137702
137718
137801
138007
138341
138950
139057
139341
139659
140227
140633
140637
140766
141477
141679
141995
142160
146943
147303
150436
151917
152199
153561
196695
197248
197311
197431
197482
197695
197876
198226
198566
198605
198610
198622
198696
198913
198949
199178
199524
199599
199993
200000
200015
200019
200107
200109
200195
200325
200350
200514
200651
200784
201012
201085
201178
201200
201589
201706
201773
201814
202042
202095
202425
202492
202614
202824
203055
204198
204213
204343
204601
204643
204706
204878
204995
205090
205111
205186
205272
205275
205282
205312
205373
205411
205544
205585
205820
206170
206238
206281
206873
206955
206980
207027
207104
207304
207333
207560
207592
207697
207728
208398
208677
208681
208981
209030
209150
209242
209510
209622
209626
209671
209684
209847
210079
210275
210403
210756
210879
211143
211201
211443
211609
212066
212098
212216
212238
212531
212792
213230
213306
213373
213980
214036
214390
215467
216154
262178
271354
328014
328174
393360
393457
393471
393942
393952
394396
394572
394714
395366
395409
395609
395717
395954
396173
396253
396356
396367
396982
396986
397273
397423
397497
398019
398101
398743
399358
399482
399522
399566
399668
400754
401044
401645
42
187
378
721
1120
1508
1797
1850
1921
2107
2116
2149
2484
2486
2500
2515
2561
2597
2602
2603
2609
2907
3130
3132
3208
3221
3238
3245
3551
3557
3582
3586
3661
3741
4609
4613
4621
4641
4780
5087
5379
5408
5538
5927
6713
6968
7500
7642
8048
8346
8365
8452
8473
8511
8522
8561
8670
8680
8781
8818
8895
8934
9264
9311
9329
9335
9464
9471
9484
9735
10094
10131
10569
10886
10906
11081
11284
11644
11816
12008
12041
12046
12136
12486
12975
12996
13682
14650
14813
14988
15083
15433
15606
15739
15766
15815
15924
15964
15975
16004
16086
16214
17470
17709
17726
17828
18001
18024
18149
18200
18366
18865
19836
20144
20294
20771
20943
21003
21282
21342
21351
21396
21556
22150
22306
23599
23600
23634
23673
23774
23888
24320
24713
24722
24757
24796
25019
25152
25389
25429
25543
26617
26710
27661
28498
28499
28500
28683
29067
29216
29256
29544
30844
30857
30873
30982
30985
30987
30990
31391
31492
31529
31960
33724
33788
35052
35160
35819
36864
36884
36924
36925
36938
36939
36948
36958
36969
37045
37100
37124
37177
37204
37327
37430
37505
37510
37517
38064
38229
38332
38345
38736
38737
39200
39386
39839
39840
39871
40945
41176
42298
42310
42385
42409
42781
42909
43489
43515
43519
43832
44358
45187
45237
45285
45356
45554
45809
47201
47267
47527
48011
48053
48283
48979
49227
50611
51346
51349
51354
51559
51833
51955
51966
52234
52250
52274
52304
52305
52306
52391
53035
55195
55342
55722
55943
56301
56582
56908
57382
57814
58448
58536
60592
60680
60890
61005
61007
61025
61455
63363
63911
131098
131099
131100
131905
132647
136557
138457
142437
152155
197000
197440
197564
197726
197997
198147
199216
199330
199670
200070
201303
201304
201612
202660
203391
204548
204649
205273
206768
207266
208366
208951
209617
210788
211466
211588
211655
263779
263799
264798
265731
267797
267892
271966
328098
328381
328919
329666
393249
393818
394353
394354
395400
396501
396549
396566
396654
396661
397197
398987
399159
399161
399164
71
929
992
1011
1660
1738
1780
2562
2877
3298
3332
3743
4622
4783
5091
5413
5420
5536
6507
6707
6833
6852
7345
8218
8221
8315
8373
8454
8518
8528
8549
8983
9091
9099
9221
9293
9341
9423
10248
10273
11281
11323
11652
11703
11820
11913
12291
12565
12613
12663
12729
12748
12811
12965
12990
13009
13013
13014
13138
13244
13414
14114
14203
14725
14740
14749
15160
15248
15451
15465
15548
15590
15605
15684
15790
15810
15818
15937
15995
16062
16080
16203
16279
17314
17331
17371
17372
17450
17537
17904
18365
18437
19366
20075
20509
20681
20748
20763
21420
21490
22071
22348
22360
22753
23058
23414
23954
24396
24430
24730
24809
24879
24972
25011
25107
25182
25213
25244
25428
25512
25518
25581
25717
26221
26227
27277
27910
28166
28646
28680
28705
28788
28979
29042
29139
29264
29266
29470
29601
29647
30915
31154
31262
31399
31413
31511
31976
32201
32348
32491
32590
33741
33814
33830
33867
34403
34409
34417
34437
34535
35036
35333
35484
35574
35600
35636
35734
35809
35995
36385
36599
37028
37497
37725
38381
38494
38498
38529
38567
38846
39083
39472
39532
39688
39829
39937
40955
41067
41726
41878
41960
41983
42078
42663
42849
43355
43397
43682
43897
43956
43973
44022
44320
44534
44595
44644
44949
45131
45314
45566
45736
45748
45806
46022
46024
46644
47284
47446
47536
47545
47828
47941
48070
48075
48352
48821
48867
48918
48927
48972
49036
49419
49473
49552
49670
50040
50156
50323
50485
50628
50731
50807
50845
50943
51268
51296
51335
51338
51347
51405
51610
51625
51735
51939
51985
52004
52144
54115
54175
54528
55562
55966
56248
56323
56454
56496
56901
56938
56953
56984
56987
57066
57154
57630
57829
57946
58082
58308
58385
58449
58484
58816
58921
59073
59339
59689
59807
59967
60254
60284
60318
60345
60350
60436
60608
60679
60720
61013
61232
61277
61977
62058
62485
62750
62830
62955
63126
63179
63294
63515
63593
63861
64421
131659
131697
131732
132164
133116
133213
133843
134220
134489
134544
134632
135441
135445
135476
135483
135847
136095
136117
136126
136766
136769
136888
136964
137019
137263
137288
137331
137357
137369
137383
137735
137758
138073
138883
139148
139656
139986
140415
140467
140940
140982
141253
141666
147039
147112
149037
149546
149753
150006
150158
150480
151332
151544
151573
152626
152772
152909
153129
196731
197115
197289
197347
197403
197446
197466
197759
197870
197930
198417
198606
198761
198912
199031
199034
199963
199980
200202
200249
200432
200567
200587
200609
200696
200846
201110
201126
201154
201271
201273
201315
201321
201574
201673
201991
202003
202032
202049
202172
202191
202494
202526
202555
202589
202617
202756
202863
203176
203372
203491
203511
203898
203968
204130
204411
204445
204702
204748
204857
205037
205080
205310
205583
205614
205625
205627
205757
205821
206141
206470
206520
206541
206662
206713
206718
206970
207047
207063
207112
207254
207377
207595
207689
207804
207851
207994
208177
208272
208315
208840
208880
208938
208987
209195
209199
209299
209379
209623
209704
209818
209846
209915
209994
210000
210035
210167
210303
210333
210668
210886
211135
211169
211424
211527
211727
211793
211838
211885
212038
212065
212132
212223
212664
212676
212717
212828
213002
213022
213202
213427
213685
214710
214792
215044
215057
215168
215444
215449
215537
215712
215756
215823
215833
215955
216421
262303
263358
268850
270421
270532
271541
273731
274524
328238
328578
328964
329016
329265
329418
393658
394230
394265
394270
394337
394456
394637
394649
395044
395266
395677
396940
397045
397140
397441
397700
397736
398726
399140
399265
399647
399728
399838
399976
400172
400422
400979
81
719
790
803
812
855
1088
1136
1267
1403
1547
1680
1759
1836
2110
2119
2510
2514
2518
2519
2586
2728
2840
2860
3212
3216
3225
3226
3249
3253
3255
3265
3269
3292
3308
3326
3399
3549
3695
3737
3816
3855
4007
4230
4474
4540
4662
4704
4721
4725
4739
4764
4773
4775
4787
4788
4802
4809
4818
4922
5089
5378
5384
5385
5390
5391
5410
5416
5438
5466
5563
5578
5588
5603
5610
5639
5645
5690
5713
5742
5769
6079
6128
6147
6181
6306
6327
6400
6407
6471
6503
6535
6539
6568
6614
6661
6677
6697
6700
6702
6703
6712
6739
6752
6789
6821
6856
6866
6871
6876
6910
7015
7016
7029
7057
7063
7065
7106
7122
7155
7418
7420
7438
7459
7470
7482
7522
7524
7532
7545
7565
7600
7679
7713
7725
7727
7738
7782
7794
7992
8014
8092
8163
8167
8228
8251
8273
8301
8331
8334
8339
8369
8371
8376
8386
8402
8416
8422
8427
8437
8439
8445
8447
8448
8462
8468
8477
8492
8580
8585
8591
8595
8615
8632
8636
8672
8681
8697
8717
8728
8732
8737
8749
8752
8758
8764
8779
8801
8821
8829
8866
8897
8905
8920
8926
8932
8948
8953
8990
9031
9038
9050
9051
9070
9105
9116
9119
9125
9136
9141
9146
9155
9205
9228
9230
9231
9249
9260
9269
9299
9304
9326
9351
9354
9365
9381
9394
9416
9443
9500
9506
9534
9541
9583
9595
9605
9617
9648
9657
9676
9689
9694
9756
9762
9790
9824
9845
9873
9902
9905
9908
9919
9922
9930
9937
9971
9976
9981
9988
10013
10030
10085
10091
10099
10118
10139
10143
10164
10214
10219
10242
10318
10396
10423
10429
10474
10481
10507
10620
10750
10796
11071
11114
11139
11142
11232
11233
11260
11290
11338
11351
11404
11427
11525
11556
11562
11666
11706
11776
11814
11830
11844
11845
11888
11976
11990
11992
11994
12083
12252
12271
12297
12302
12334
12338
12355
12357
12360
12361
12390
12392
12414
12418
12430
12436
12455
12494
12496
12552
12570
12576
12578
12605
12611
12644
12668
12708
12709
12714
12716
12735
12737
12741
12764
12768
12778
12810
12829
12843
12849
12850
12871
12874
12883
12887
12897
12912
12941
12946
12958
12963
12969
12989
12997
13000
13030
13036
13037
13045
13046
13055
13091
13101
13110
13122
13124
13127
13156
13170
13182
13188
13189
13194
13272
13280
13285
13306
13347
13367
13370
13377
13427
13451
13807
13977
13999
14051
14080
14117
14333
14371
14522
14615
14638
14695
14709
14754
14868
14979
15081
15108
15146
15344
15366
15377
15378
15399
15457
15474
15493
15502
15525
15542
15547
15582
15600
15617
15640
15659
15673
15704
15706
15723
15735
15774
15796
15802
15805
15879
15895
15899
15925
15943
15958
15962
15994
16010
16019
16058
16116
16135
16160
16202
16223
16246
16301
16302
16316
16333
16342
16591
16717
16814
16904
16906
16960
17072
17079
17222
17306
17421
17429
17451
17465
17483
17488
17501
17511
17534
17551
17552
17557
17621
17622
17638
17639
17665
17670
17698
17747
17754
17806
17809
17813
17816
17839
17849
17853
17854
17858
17864
17882
17884
17917
17924
17957
17962
17974
17976
18049
18081
18103
18106
18116
18126
18144
18182
18207
18209
18734
18747
18809
18822
18881
18914
18988
19108
19115
19165
19182
19331
19381
19397
19429
19504
19863
19890
20001
20015
20055
20057
20115
20207
20214
20318
20365
20394
20485
20590
20634
20712
20776
20807
20810
20845
20875
20879
20880
20886
20904
20910
20911
20912
20963
20978
21021
21050
21107
21127
21183
21191
21211
21219
21230
21232
21246
21263
21271
21277
21283
21299
21310
21334
21348
21365
21385
21412
21413
21453
21483
21497
21502
21508
21571
21575
21725
21743
21804
21826
21921
21928
21947
21949
22047
22060
22070
22085
22258
22313
22322
22363
22423
22689
22724
22750
22765
22884
22909
22923
22927
22995
23031
23089
23114
23184
23201
23243
23314
23404
23473
23497
23563
23618
23655
23674
23688
23700
23752
24444
24445
24499
24530
24532
24535
24550
24560
24589
24651
24685
24689
24691
24739
24750
24751
24812
24835
24852
24863
24889
24904
25086
25098
25133
25135
25139
25144
25211
25229
25255
25311
25374
25406
25408
25454
25472
25482
25509
25513
25515
25521
25549
25577
25585
25596
25668
25764
25814
26253
26292
26599
26611
26615
26827
26873
26911
27017
27364
27425
27578
27651
27653
27665
27668
27672
27699
27717
27725
27738
27747
27773
27775
27800
27813
27831
27839
27882
27884
27896
27901
27947
27951
27983
27984
27995
28006
28036
28048
28075
28111
28118
28126
28132
28146
28186
28191
28201
28202
28210
28213
28220
28240
28255
28263
28270
28283
28285
28292
28300
28306
28309
28328
28331
28343
28370
28398
28403
28432
28458
28459
28469
28509
28545
28548
28554
28577
28580
28610
28613
28624
28634
28649
28652
28656
28665
28668
28725
28787
28840
28884
28885
28890
28917
28919
28972
29030
29031
29069
29081
29084
29107
29124
29125
29170
29190
29194
29196
29244
29247
29310
29314
29329
29357
29413
29465
29485
29492
29497
29505
29518
29562
29571
29580
29582
29614
29667
29687
29695
29974
29975
30036
30110
30600
30640
30689
30722
30764
30766
30784
30793
30848
30868
30922
30925
30986
30992
30999
31012
31036
31115
31122
31143
31148
31163
31195
31204
31205
31208
31213
31214
31224
31246
31250
31252
31257
31272
31286
31317
31334
31343
31363
31404
31435
31452
31499
31510
31514
31549
31655
31685
31725
32133
32204
32233
32329
32437
32444
32490
32582
32614
32709
32867
33037
33044
33218
33287
33363
33489
33491
33567
33576
33588
33604
33650
33651
33652
33653
33654
33657
33659
33660
33661
33662
33665
33666
33667
33668
33763
33765
33771
33779
33796
33823
33874
33885
33894
33915
33922
33941
33983
33991
34001
34058
34087
34120
34139
34145
34150
34170
34187
34218
34244
34263
34288
34295
34296
34362
34456
34471
34533
34550
34569
34577
34590
34594
34602
34620
34629
34659
34661
34700
34743
34754
34757
34779
34797
34814
34857
34867
34887
34953
34977
35000
35004
35032
35047
35091
35141
35154
35197
35205
35228
35244
35271
35311
35319
35320
35362
35394
35432
35437
35444
35467
35475
35539
35540
35598
35612
35699
35706
35725
35728
35753
35790
35804
35805
35807
35810
35816
35847
35860
35900
35911
36149
36423
36493
36511
36527
36728
36827
36866
36873
36874
36890
36902
36903
36907
36908
36926
36935
36937
36963
36974
36992
36994
36996
36998
37002
37009
37030
37035
37037
37054
37069
37075
37076
37088
37119
37133
37136
37148
37154
37164
37168
37190
37196
37284
37287
37315
37317
37340
37342
37343
37349
37371
37410
37424
37440
37447
37451
37457
37461
37473
37482
37492
37524
37531
37542
37559
37560
37563
37564
37611
37640
37645
37649
37671
37680
37693
37697
37705
37892
38019
38067
38145
38165
38182
38195
38264
38285
38286
38322
38442
38493
38511
38517
38527
38565
38623
38628
38750
38754
38778
38841
38851
39010
39028
39065
39087
39102
39120
39184
39190
39194
39199
39201
39216
39232
39264
39328
39435
39484
39529
39531
39554
39603
39608
39611
39642
39651
39699
39709
39735
39785
39811
39812
39857
39878
39891
39927
40029
40237
40328
40545
40760
40788
40993
41030
41039
41046
41110
41114
41119
41164
41202
41232
41268
41273
41275
41330
41349
41435
41495
41549
41557
41560
41563
41661
41668
41676
41682
41691
41704
41709
41720
41727
41733
41750
41754
41798
41802
41820
41822
41843
41897
41929
41937
41953
42003
42038
42065
42082
42087
42110
42116
42145
42148
42184
42227
42232
42239
42248
42277
42313
42322
42343
42387
42431
42437
42455
42459
42541
42555
42560
42571
42574
42580
42610
42611
42621
42668
42682
42683
42689
42765
42772
42841
42863
42864
42885
42892
42893
42905
42908
42925
42947
42965
43016
43038
43139
43182
43205
43235
43274
43314
43372
43529
43530
43554
43557
43561
43567
43571
43612
43668
43714
43733
43754
43793
43824
43936
43939
43940
43966
43991
44020
44030
44050
44056
44061
44087
44134
44143
44180
44213
44217
44244
44247
44257
44265
44270
44391
44395
44416
44419
44483
44489
44506
44507
44604
44656
44677
44678
44710
44712
44724
44735
44764
44869
44874
44894
44923
44941
44943
44963
45007
45011
45177
45184
45194
45271
45305
45312
45345
45498
45510
45528
45543
45558
45588
45595
45609
45629
45650
45669
45701
45722
45724
45725
45758
45763
45766
45769
45775
45780
45786
45804
45814
45905
45916
45925
45960
46063
46154
46408
46618
46650
46687
46690
46962
47027
47118
47119
47165
47169
47202
47203
47232
47236
47241
47304
47331
47377
47402
47438
47499
47589
47626
47694
47759
47771
47889
47895
47914
47956
48000
48092
48101
48149
48161
48166
48176
48190
48239
48293
48294
48320
48323
48330
48346
48354
48416
48437
48438
48475
48492
48503
48506
48524
48526
48573
48642
48683
48695
48728
48814
48832
48847
48870
48882
48917
48940
48945
49037
49048
49088
49129
49136
49158
49163
49218
49273
49301
49325
49342
49350
49368
49375
49403
49455
49588
49605
49628
49717
49724
49770
49776
49779
49800
49816
49824
49826
49852
49883
49893
49902
50010
50060
50071
50083
50126
50130
50174
50181
50266
50272
50316
50392
50406
50473
50477
50498
50512
50528
50542
50543
50576
50577
50581
50596
50620
50629
50666
50685
50710
50716
50771
50821
50920
50923
50949
50959
50973
51004
51032
51035
51088
51184
51207
51249
51263
51273
51319
51351
51367
51375
51402
51407
51495
51505
51515
51522
51561
51570
51582
51604
51645
51669
51684
51685
51784
51809
51813
51819
51896
51935
51978
52015
52026
52043
52056
52075
52180
52207
52228
52233
52260
52262
52263
52292
52341
52362
52439
52468
52519
52527
52539
52540
52548
52556
52559
52564
52565
52577
52579
52583
52587
52591
52596
52601
52606
52607
52613
52617
52641
52657
52660
52686
52687
52696
52697
52722
52724
52745
52762
52766
52771
52793
52827
52830
52843
52856
52858
52860
52872
52878
52906
52907
52918
52937
52948
52962
52964
52999
53001
53003
53006
53019
53022
53043
53059
53062
53066
53072
53075
53087
53097
53102
53130
53182
53205
53209
53213
53216
53218
53234
53238
53256
53407
53423
53508
53703
53823
53913
54133
54182
54198
54225
54614
54980
55039
55145
55352
55391
55430
55482
55492
55555
55577
56361
56373
56420
56465
56478
56523
56568
56575
56665
56668
56724
56791
56981
57026
57044
57093
57099
57128
57152
57223
57227
57269
57279
57293
57353
57359
57378
57422
57513
57516
57704
57732
57793
57794
57800
57847
57888
57999
58073
58079
58224
58230
58243
58246
58254
58273
58299
58322
58340
58396
58424
58482
58485
58504
58553
58678
58689
58715
58717
58821
58834
58895
58945
58965
58969
59108
59127
59149
59239
59257
59280
59282
59362
59382
59497
59514
59588
59605
59625
59702
59713
59790
59815
59989
60036
60098
60139
60202
60255
60257
60294
60377
60443
60656
60670
60822
60876
60966
61049
61139
61172
61240
61244
61337
61360
61461
61587
61589
61615
61621
61649
61653
61662
61667
61668
61671
61677
61678
61693
61699
61711
61716
61720
61732
61754
61757
61759
61761
61770
61772
61776
61786
61802
61812
61816
61839
61845
61847
61868
61874
61884
61893
61895
61910
61911
61914
61917
61928
61930
61934
61937
61940
62105
62179
62336
62347
62365
62419
62423
62809
62917
63060
63072
63296
63526
63859
63873
63969
63980
63996
64024
64029
64072
64073
64098
64126
64300
64429
131090
131111
131178
131267
131275
131445
131464
131584
131591
131596
131602
131607
131627
131706
131773
131958
132045
132061
132116
132165
132199
132298
132447
132480
132497
132525
132556
132637
132641
132649
132652
132669
132770
132974
133001
133275
133283
133287
133334
133414
133481
133606
133612
133613
133661
133720
133799
133809
133838
133866
133982
133996
134026
134090
134113
134127
134134
134146
134153
134259
134371
134506
134623
134630
134651
134658
134674
134697
134707
134732
134762
134772
134773
134810
134968
135000
135126
135232
135300
135328
135425
135439
135477
135478
135480
135654
135697
135726
135746
135756
135760
135761
135772
135799
135806
135810
135839
135887
136027
136065
136075
136100
136119
136128
136167
136176
136199
136200
136217
136224
136255
136289
136334
136342
136479
136514
136525
136644
136714
136844
136873
136874
136969
137000
137226
137329
137351
137403
137416
137449
137453
137681
137691
137834
137872
138024
138079
138087
138089
138096
138109
138112
138117
138143
138146
138150
138259
138311
138343
138346
138482
138505
138517
138528
138551
138575
138590
138600
138655
138754
138814
138818
138824
138828
138854
138860
138873
138881
138886
138887
138910
138974
138998
139009
139026
139042
139077
139084
139088
139197
139300
139365
139378
139389
139428
139490
139515
139623
139642
139643
139820
139831
139854
139941
139951
139955
139967
139972
139977
139981
139982
139994
140050
140080
140133
140159
140201
140384
140407
140413
140423
140457
140475
140481
140482
140607
140644
140726
140732
140906
140923
140930
140962
140994
141010
141023
141049
141056
141067
141071
141073
141077
141081
141093
141105
141126
141137
141139
141140
141145
141215
141285
141342
141385
141431
141529
141565
141588
141600
141607
141616
141626
141642
141645
141664
141731
141767
141806
141916
141921
141935
141945
141959
141983
141985
142003
142006
142045
142198
142221
142307
142333
142356
142364
142366
142370
142382
142386
142387
142389
142394
142419
142428
142453
142559
146904
147006
147066
147087
147097
147101
147121
147126
147154
147224
149306
149334
149335
149359
149401
149404
149419
149433
149445
149533
149664
149672
149675
149689
149697
149712
149714
149723
149728
149742
149744
149746
149749
149863
149874
149881
149903
149915
149925
149930
149934
149964
150000
150008
150022
150034
150073
150187
150191
150193
150202
150232
150242
150256
150257
150272
150279
150462
150487
150501
150509
150517
150519
150540
150552
150555
150557
150683
150697
150701
150750
150931
150940
150942
150961
150972
150980
150986
150989
151064
151330
151396
151473
151505
151521
151522
151533
151549
151585
151586
151600
151608
151620
151633
151660
151667
151757
151781
151992
151995
152005
152023
152026
152060
152073
152141
152300
152322
152328
152344
152406
152411
152449
152488
152605
152758
152764
152794
152796
152825
152841
153060
153073
153079
153085
153122
153124
153131
153234
153292
153327
153573
153615
153664
153768
153893
154146
154189
154210
154223
154365
154444
154449
196655
196705
196714
196927
196949
196954
196968
197023
197078
197146
197207
197288
197301
197423
197524
197558
197637
197704
197793
197897
198253
198293
198408
198440
198471
198570
198589
198690
198709
198722
198726
198731
198793
198813
198820
198859
198930
199082
199087
199173
199284
199298
199452
199468
199480
199496
199508
199634
199775
199811
199995
200119
200278
200444
200735
200736
200773
200845
200868
200924
201006
201019
201172
201211
201290
201540
201556
201587
201746
201749
201776
201798
201838
201952
201962
202050
202098
202208
202246
202279
202282
202441
202596
202613
202813
202870
202911
202921
202940
203206
203217
203293
203568
203817
203847
203953
203971
204151
204161
204170
204274
204332
204538
204731
204779
204989
205254
205473
205515
205669
205714
205771
205806
205844
205889
205975
205998
206067
206111
206196
206206
206260
206262
206347
206366
206509
206774
206920
206978
207017
207144
207369
207375
207645
207860
207987
207995
208038
208041
208189
208397
208594
208599
208687
208882
208909
208972
208988
209002
209275
209400
209528
209551
209863
210218
210278
210490
210616
210619
210874
211215
211309
211597
211785
211873
212109
212193
212263
212655
212665
212683
212751
212756
212897
213269
213281
213494
213746
215066
215367
215423
215523
216275
216392
262186
262197
262202
262210
262253
262274
262293
262301
262313
262322
262324
262354
262361
262362
262364
262378
262380
262393
262394
262403
262416
262417
262422
262426
262452
262456
262457
262463
262468
262469
262476
262478
262494
262519
262523
262531
262532
262537
262543
262544
262588
262591
262612
262616
262617
262633
262648
262659
262664
262669
262673
262689
262708
262713
262715
262720
262732
262753
262792
262812
262813
262818
262820
262824
262826
262832
262841
262847
262855
262880
262891
262906
262907
262928
262940
262947
262953
262979
262996
262997
263006
263008
263010
263011
263036
263059
263077
263085
263089
263090
263097
263099
263102
263137
263142
263175
263223
263250
263262
263276
263281
263285
263289
263292
263317
263327
263343
263350
263359
263377
263411
263427
263439
263464
263466
263483
263484
263526
263544
263562
263566
263611
263614
263635
263648
263651
263661
263693
263703
263769
263806
263834
263886
263904
263905
263906
263910
263921
263929
263941
263947
263948
263961
263972
263990
263998
264015
264042
264046
264050
264056
264075
264079
264091
264108
264126
264129
264134
264137
264162
264168
264191
264195
264200
264202
264221
264235
264275
264283
264320
264350
264353
264369
264386
264400
264406
264443
264460
264473
264491
264500
264503
264536
264556
264562
264567
264570
264573
264577
264579
264602
264628
264645
264668
264732
264758
264814
264827
264867
264881
264900
264912
264921
264944
264963
264969
264978
265008
265010
265029
265040
265043
265050
265061
265086
265087
265093
265124
265169
265172
265197
265207
265220
265231
265234
265259
265265
265275
265294
265295
265307
265326
265369
265398
265411
265430
265435
265480
265540
265625
265641
265642
265662
265721
265757
265816
265858
265886
265899
265904
265917
265918
265936
265946
265948
265955
265968
265986
265989
265990
265998
266010
266013
266021
266040
266061
266066
266070
266080
266090
266095
266103
266111
266121
266140
266145
266164
266188
266190
266196
266204
266214
266242
266253
266256
266260
266265
266270
266271
266272
266277
266284
266285
266312
266321
266337
266345
266377
266381
266391
266475
266493
266535
266547
266566
266572
266577
266595
266598
266599
266606
266623
266626
266644
266768
266776
266917
266920
266931
266935
266936
266956
266962
266984
266985
267013
267015
267026
267027
267033
267046
267071
267073
267088
267113
267115
267124
267126
267127
267161
267169
267178
267202
267205
267225
267234
267261
267267
267283
267293
267318
267319
267321
267335
267343
267365
267369
267381
267398
267424
267442
267450
267452
267458
267468
267471
267492
267521
267531
267542
267550
267566
267567
267570
267578
267587
267593
267606
267614
267641
267642
267660
267758
267809
267811
267818
267851
267940
267963
267988
267999
268019
268023
268036
268042
268053
268068
268069
268101
268117
268125
268135
268138
268145
268150
268157
268163
268177
268185
268189
268190
268194
268205
268207
268213
268214
268265
268269
268277
268314
268320
268321
268323
268336
268339
268342
268350
268351
268353
268355
268376
268399
268425
268458
268465
268473
268487
268518
268519
268529
268531
268535
268548
268550
268551
268552
268560
268563
268572
268574
268578
268586
268592
268604
268631
268641
268643
268647
268663
268669
268682
268697
268708
268722
268725
268730
268746
268750
268757
268762
268790
268791
268798
268801
268805
268810
268813
268815
268817
268831
268838
268867
268873
268875
268879
268897
268914
268915
268936
268940
268945
268955
268970
268985
269007
269010
269018
269035
269057
269067
269069
269103
269120
269135
269141
269144
269174
269178
269180
269245
269251
269272
269293
269299
269351
269359
269360
269379
269386
269401
269416
269420
269424
269430
269434
269442
269457
269475
269477
269481
269506
269554
269567
269571
269616
269639
269643
269664
269667
269681
269683
269701
269721
269749
269832
269876
269988
270158
270175
270252
270254
270272
270274
270283
270306
270309
270321
270323
270329
270333
270340
270359
270364
270373
270377
270378
270405
270412
270415
270438
270448
270468
270478
270483
270500
270507
270523
270533
270534
270543
270554
270556
270571
270577
270585
270589
270607
270615
270638
270647
270648
270652
270664
270667
270677
270684
270703
270705
270711
270717
270766
270776
270778
270791
270795
270796
270804
270814
270819
270822
270841
270849
270869
270871
270872
270880
270886
270895
270900
270902
270916
270928
270935
270937
270943
270948
270960
270964
270971
270982
270987
271034
271095
271102
271143
271146
271149
271160
271176
271196
271202
271206
271211
271233
271247
271263
271270
271302
271323
271342
271357
271359
271369
271374
271377
271387
271406
271412
271413
271418
271436
271452
271457
271474
271475
271480
271511
271517
271519
271526
271529
271548
271555
271570
271572
271612
271620
271637
271642
271657
271661
271662
271665
271681
271683
271689
271713
271715
271739
271745
271791
271799
271927
271951
271997
272069
272111
272112
272120
272167
272174
272195
272212
272272
272278
272366
272403
272447
272464
272484
272513
272536
272539
272548
272549
272553
272606
272730
272750
272775
272790
272809
272836
272897
272971
273078
273103
273120
273138
273208
273309
273328
273335
273340
273363
273436
273454
273467
273493
273497
273525
273526
273562
273596
273599
273624
273656
273659
273683
273709
273717
273730
273755
273780
273782
273798
273816
273824
273843
273847
273937
273966
273988
274225
274311
274340
274463
274550
274567
274607
274685
274689
274709
274726
274802
274834
274841
327688
327708
327712
327745
327761
327782
327799
327814
327872
327885
327900
327901
327931
327934
328001
328126
328137
328140
328169
328178
328200
328250
328266
328286
328297
328309
328317
328351
328442
328469
328471
328474
328514
328576
328585
328596
328611
328638
328760
328888
328977
328987
329029
329038
329103
329174
329360
329379
329415
329578
329608
393238
393278
393422
393429
393442
393552
394146
394352
394752
395075
395354
395367
395466
395570
395662
395853
395965
396097
396185
396238
396304
396503
396952
396969
397303
397412
397732
398035
398113
398143
398420
398721
398872
399016
399100
399226
399240
399307
399503
399788
399833
399898
400202
400220
400268
400699
