71
161
297
929
992
1011
1660
1738
1780
2562
2639
2877
3298
3332
3333
3379
3743
4622
4783
5091
5413
5420
5536
6507
6707
6833
6852
7345
7726
8218
8221
8240
8303
8315
8373
8454
8518
8528
8549
8983
9091
9099
9159
9221
9293
9341
9423
9498
10248
10273
11106
11281
11323
11652
11703
11740
11820
11913
12291
12565
12613
12663
12678
12696
12729
12748
12811
12965
12990
13009
13013
13014
13138
13244
13414
13781
14114
14203
14340
14725
14740
14749
15160
15248
15451
15465
15548
15590
15605
15684
15790
15810
15818
15937
15995
16062
16080
16203
16279
16625
17314
17331
17371
17372
17450
17537
17904
18055
18365
18437
19366
20075
20509
20681
20748
20763
21420
21490
21785
22071
22348
22360
22753
23058
23414
23820
23954
24396
24430
24730
24809
24823
24879
24972
25011
25107
25182
25213
25244
25428
25512
25518
25581
25717
26221
26227
27277
27910
28166
28646
28680
28705
28788
28979
29042
29067
29139
29264
29266
29470
29601
29647
29816
30915
31154
31262
31399
31413
31511
31976
32201
32348
32491
32590
33741
33814
33830
33867
34156
34403
34409
34417
34437
34478
34535
35036
35237
35333
35484
35574
35600
35636
35676
35734
35809
35995
36385
36459
36599
37028
37497
37725
38381
38494
38498
38529
38567
38846
39083
39472
39532
39688
39829
39937
40955
41067
41726
41878
41960
41983
42078
42663
42849
43037
43355
43397
43682
43897
43956
43973
44022
44320
44534
44595
44644
44949
45062
45131
45314
45566
45736
45748
45806
46022
46024
46644
47284
47446
47536
47545
47764
47828
47941
48070
48075
48352
48821
48867
48918
48927
48972
49036
49419
49473
49552
49670
50040
50156
50323
50485
50628
50731
50807
50845
50943
51268
51296
51335
51338
51347
51405
51610
51625
51735
51894
51939
51985
52004
52144
54115
54175
54528
55562
55966
56248
56323
56454
56496
56901
56938
56953
56984
56987
57066
57154
57382
57630
57829
57946
58082
58182
58308
58385
58449
58484
58816
58921
59073
59339
59689
59807
59967
60254
60284
60318
60345
60350
60436
60608
60679
60720
61005
61007
61013
61232
61277
61977
62058
62485
62750
62830
62955
63126
63179
63294
63515
63593
63861
64421
131659
131697
131732
132164
133116
133213
133843
134220
134489
134544
134632
135441
135445
135476
135483
135847
136095
136117
136126
136766
136769
136888
136964
137019
137263
137288
137331
137357
137369
137383
137735
137758
138073
138341
138883
139148
139656
139986
140415
140467
140940
140982
141253
141666
147039
147112
149037
149546
149753
150006
150158
150480
151332
151544
151573
152626
152772
152909
153129
196731
197115
197289
197347
197403
197446
197466
197759
197870
197930
198147
198417
198606
198761
198912
199031
199034
199963
199980
200202
200249
200432
200567
200587
200609
200696
200846
201012
201110
201126
201154
201271
201273
201315
201321
201574
201673
201991
202003
202032
202049
202172
202191
202494
202526
202555
202589
202617
202756
202863
203176
203372
203491
203511
203898
203968
204130
204411
204445
204702
204706
204748
204857
205037
205080
205111
205310
205461
205583
205614
205625
205627
205757
205821
206141
206470
206520
206541
206662
206713
206718
206970
207047
207063
207112
207254
207377
207595
207689
207804
207851
207994
208177
208272
208315
208840
208880
208938
208987
209195
209199
209299
209379
209623
209704
209818
209846
209915
209994
210000
210035
210167
210303
210333
210668
210886
211135
211169
211424
211452
211527
211727
211793
211838
211885
212038
212065
212132
212223
212664
212676
212717
212828
213002
213022
213202
213427
213685
214710
214792
215044
215057
215168
215444
215449
215537
215712
215756
215823
215833
215955
216421
262303
263358
268850
270421
270532
271541
273731
274524
328238
328578
328964
329016
329265
329418
393658
394230
394265
394270
394337
394456
394637
394649
395044
395266
395677
396320
396940
397045
397140
397441
397700
397736
398726
399140
399265
399358
399647
399728
399838
399976
400172
400422
400979
