7
24
37
49
50
70
89
102
127
138
147
224
228
243
273
288
293
297
300
306
312
316
319
321
341
345
351
352
356
367
400
518
542
559
567
571
600
637
668
683
688
745
749
764
766
786
818
905
1226
1348
1554
1556
1565
1569
1586
1733
1798
1827
1837
1955
1998
2026
2384
2544
2576
2611
2614
2633
2650
2665
2675
2727
2769
2894
2920
3136
3219
3233
3240
3401
3471
3477
3527
3562
3635
3705
3709
3766
3926
4152
4179
4193
4211
4454
4651
4758
4782
4820
4859
4894
4954
5108
5110
5132
5306
5498
5507
5542
5744
5774
5831
5860
5972
6040
6122
6150
6559
6699
6733
6769
6849
6922
6966
6989
7086
7194
7417
7465
7471
7497
7564
7773
7872
8103
8140
8194
8240
8414
8506
8517
8519
8659
8834
8867
8956
8978
9201
9270
9275
9389
9489
9509
9546
9647
9650
9732
9811
9821
9829
9835
10063
10187
10412
10442
10616
10670
10897
10921
10938
10944
10954
11097
11205
11361
11394
11577
11663
11687
11708
11802
11956
11974
12051
12102
12156
12191
12253
12303
12376
12443
12509
12511
12564
12782
13011
13029
13223
13325
13456
13470
13506
13543
13611
13685
13781
13788
13855
13918
13972
14072
14223
14242
14263
14303
14308
14488
14677
14734
14736
14827
14877
14977
14983
15029
15130
15147
15196
15205
15304
15383
15386
15419
15770
15806
16060
16426
16502
16569
16697
16700
16701
16741
16796
16986
17120
17147
17297
17365
17485
17494
17574
17595
17793
18043
18055
18125
18255
18431
18440
18482
18558
18614
18760
18777
18847
18889
18975
19014
19050
19076
19179
19185
19307
19323
19329
19348
19399
19426
19534
19589
19713
19722
19723
19725
19779
19827
19902
19904
20009
20047
20091
20097
20116
20336
20372
20548
20661
20702
20820
20905
20929
20950
21002
21096
21325
21449
21489
21564
21589
21633
21669
21694
21696
21843
21852
22066
22073
22088
22252
22284
22304
22422
22472
22498
22515
22617
22757
22828
23024
23025
23038
23067
23074
23228
23271
23281
23301
23307
23363
23457
23483
23544
23596
23744
23799
23889
23917
24151
24313
24394
24449
24595
24675
24845
25094
25241
25278
25354
25373
25377
25444
25461
25554
25628
25640
25664
25729
25807
25808
25832
25876
25925
25979
25992
25996
26025
26059
26064
26100
26218
26229
26263
26402
26439
26515
26565
26765
26810
26814
26903
26923
27033
27064
27065
27066
27139
27142
27201
27202
27206
27273
27370
27412
27673
28197
28222
28261
28291
28371
28513
28563
28602
28616
28629
28637
28682
28727
28810
29093
29263
29325
29335
29348
29466
29585
29600
29626
29901
29935
29992
30049
30185
30243
30268
30412
30415
30445
30450
30577
30754
31004
31065
31215
31236
31256
31278
31313
31324
31581
31753
31756
31900
32146
32193
32269
32294
32324
32365
32457
32629
32635
32711
32770
32815
32843
32982
33138
33248
33343
33370
33515
33527
33594
33638
33845
33967
34073
34123
34478
34592
34663
34670
34808
35175
35264
35302
35338
35373
35503
35542
35704
35709
35789
35956
35960
36045
36069
36081
36223
36340
36358
36479
36542
36548
36555
36612
36739
36750
36809
36885
37016
37051
37066
37130
37219
37258
37313
37385
37434
37466
37654
37677
37978
38027
38157
38236
38293
38296
38328
38414
38450
38470
38526
38574
38603
38764
38863
38886
38915
39098
39154
39279
39353
39658
39662
39675
39804
39949
39961
39990
40042
40109
40116
40148
40158
40249
40267
40382
40411
40468
40553
40623
40648
40651
40749
40839
41289
41306
41312
41336
41376
41394
41424
41502
41530
41548
41636
41716
41739
41888
42056
42142
42165
42211
42848
42894
43011
43028
43104
43188
43193
43344
43378
43381
43475
43558
43797
43806
43838
43922
44110
44328
44403
44442
44560
44689
44698
44998
45316
45353
45442
45703
45712
45732
45793
45808
46017
46093
46153
46169
46376
46439
46491
46520
46522
46565
46631
46637
46674
46692
46788
46792
46846
46879
46880
46963
46966
47031
47032
47519
47672
47736
47797
47922
47944
48037
48109
48184
48247
48298
48703
48751
48843
48928
49010
49016
49049
49077
49234
49324
49369
49437
49507
49666
49728
49918
49932
49950
50192
50222
50233
50252
50256
50270
50290
50758
50893
50944
51010
51051
51098
51172
51438
51455
51482
51566
51707
51882
51912
51970
52184
52293
52318
52608
52622
52628
52649
52740
52867
52890
52958
52997
53012
53016
53116
53159
53188
53203
53204
53302
53442
53455
53472
53500
53527
53789
54050
54068
54099
54156
54157
54179
54199
54222
54245
54332
54371
54385
54469
54474
54549
54669
54735
54797
54832
54883
54885
55046
55063
55131
55135
55178
55330
55433
55435
55446
55566
55580
55741
55870
56051
56105
56141
56236
56506
56519
56557
56561
56588
56670
56751
56855
56929
56974
56978
57058
57124
57201
57352
57445
57580
57602
57637
57729
57736
57956
57965
57968
58031
58083
58151
58185
58282
58469
58476
58488
58545
58716
58812
59132
59142
59151
59189
59193
59503
59619
59715
59801
60179
60279
60324
60562
60583
60903
60967
60997
61014
61106
61128
61160
61352
61353
61458
61569
61572
61612
61656
61738
61779
61903
61933
62022
62090
62186
62220
62260
62364
62507
62548
62559
62648
62658
62798
62841
62924
63010
63097
63254
63316
63317
63385
63500
63770
63932
64026
64261
131150
131239
131268
131279
131341
131693
131724
131765
131782
131784
131785
132027
132043
132066
132117
132205
132219
132228
132237
132293
132321
132469
132599
132616
132634
132723
132909
133015
133037
133102
133345
133383
133387
133826
133839
134073
134099
134111
134131
134164
134635
134659
134690
134819
135008
135018
135118
135457
135471
135472
135473
135485
135551
135666
135675
135769
135835
135860
136035
136060
136067
136085
136087
136094
136154
136291
136601
136656
136659
136667
136701
136842
136882
136889
136971
137287
137291
137294
137308
137318
137340
137342
137361
137379
137381
137540
137590
137646
137671
138050
138055
138059
138071
138082
138086
138095
138097
138114
138127
138247
138488
138727
138806
138835
138851
138852
138858
139154
139237
139364
139368
139439
139501
139614
139828
139940
139943
139948
139980
139992
140002
140023
140110
140170
140424
141048
141058
141066
141288
141295
141478
141501
141583
141644
141659
142314
142343
142384
147136
147171
149154
149265
149372
149375
149384
149402
149607
149676
149699
149748
149889
149968
149974
150188
150283
150442
150925
150943
151007
151561
151645
152422
152576
152671
153075
153213
154367
196722
196778
196821
196852
196870
196902
197016
197136
197370
197489
197497
197553
197668
197829
197869
197874
197942
197973
198033
198142
198435
198472
198530
198531
198561
198687
198730
198815
199131
199148
199189
199300
199350
199541
199583
199663
199729
199844
200145
200189
200364
200521
200538
200568
200630
200764
200777
201139
201174
201547
201557
201643
201688
201720
201762
201859
201897
202024
202123
202342
202394
202407
202519
202553
202655
202710
202865
202961
203147
203242
203310
203311
203396
203474
203506
203581
203609
203665
203673
203703
204182
204206
204222
204260
204341
204452
204486
204635
204679
204806
205033
205250
205346
205370
205461
205471
205637
205760
205861
205989
206010
206341
206418
206458
206490
206600
206629
206645
206845
206860
206879
206918
206977
207263
207275
207282
207316
207894
208096
208153
208237
208240
208284
208508
208551
208605
208654
208740
208820
208973
209125
209171
209175
209374
209457
209511
209676
209682
209721
210140
210213
210229
210591
210592
210822
210872
211080
211319
211452
211589
211734
211799
211875
211929
212106
212151
212157
212398
212428
212542
212778
213009
213065
213099
213158
213206
213238
213283
213317
213417
213680
214945
214966
215215
215324
215608
215776
262264
262486
262655
262679
262714
262882
263023
263198
263261
263406
263638
263639
263850
263857
263876
263953
264019
264080
264087
264102
264313
264338
264423
264467
264468
264469
264476
264481
264495
264694
264808
264916
265020
265049
265064
265071
265073
265212
265375
265431
265450
265589
265939
265994
266031
266432
266495
267086
267230
267310
267392
267509
267525
267534
267626
267932
268014
268178
268220
268293
268507
268639
268758
268889
269045
269175
269191
269209
269324
269346
269404
269498
269549
269607
269613
269801
270308
270327
270328
270681
270710
271029
271145
271246
271467
272336
327795
327861
327903
328316
328665
393228
393281
393308
393313
393341
393352
393535
393555
393638
393661
393759
393777
393799
393819
393956
393993
393998
394015
394020
394165
394216
394238
394240
394286
394366
394411
394426
394438
394465
394534
394613
394633
394712
394748
394755
394850
394942
394985
395005
395134
395272
395386
395399
395411
395474
395604
395614
395627
395634
395660
395708
395789
395872
395877
395913
396012
396072
396090
396117
396155
396220
396262
396320
396369
396408
396416
396484
396513
396890
396943
396972
396973
396978
397070
397142
397276
397371
397375
397486
397799
397824
397940
398290
398412
398440
398821
398905
399436
399437
399974
400257
400425
400588
401343
