81,
209,
577,
701,
719,
790,
803,
812,
852,
855,
1088,
1136,
1221,
1241,
1257,
1267,
1403,
1547,
1680,
1759,
1836,
1955,
2110,
2116,
2119,
2497,
2510,
2514,
2516,
2518,
2519,
2527,
2586,
2609,
2728,
2840,
2856,
2860,
3209,
3212,
3215,
3216,
3225,
3226,
3243,
3249,
3253,
3255,
3265,
3269,
3292,
3301,
3303,
3308,
3320,
3326,
3329,
3352,
3399,
3462,
3549,
3695,
3737,
3741,
3786,
3816,
3855,
4007,
4134,
4181,
4230,
4474,
4540,
4609,
4662,
4685,
4704,
4713,
4721,
4725,
4739,
4755,
4760,
4761,
4764,
4766,
4773,
4775,
4780,
4787,
4788,
4802,
4804,
4808,
4809,
4812,
4818,
4837,
4847,
4922,
5089,
5378,
5384,
5385,
5390,
5391,
5410,
5413,
5416,
5432,
5438,
5466,
5483,
5563,
5578,
5588,
5603,
5607,
5610,
5617,
5639,
5645,
5650,
5690,
5713,
5742,
5769,
6057,
6079,
6128,
6147,
6181,
6306,
6327,
6389,
6400,
6407,
6471,
6503,
6535,
6539,
6568,
6614,
6661,
6677,
6697,
6700,
6702,
6703,
6712,
6713,
6730,
6739,
6752,
6758,
6789,
6799,
6805,
6810,
6821,
6830,
6848,
6849,
6855,
6856,
6866,
6871,
6876,
6910,
7015,
7016,
7018,
7029,
7057,
7063,
7065,
7106,
7122,
7155,
7303,
7418,
7420,
7438,
7459,
7470,
7482,
7522,
7524,
7532,
7545,
7552,
7565,
7600,
7642,
7679,
7713,
7725,
7727,
7738,
7782,
7794,
7843,
7922,
7992,
8014,
8048,
8092,
8151,
8163,
8167,
8193,
8228,
8251,
8273,
8301,
8331,
8334,
8339,
8346,
8359,
8369,
8371,
8374,
8376,
8386,
8400,
8402,
8412,
8416,
8422,
8427,
8437,
8439,
8445,
8447,
8448,
8452,
8462,
8468,
8473,
8477,
8492,
8551,
8580,
8585,
8591,
8595,
8612,
8615,
8632,
8636,
8672,
8680,
8681,
8697,
8708,
8717,
8728,
8732,
8737,
8749,
8752,
8758,
8764,
8767,
8779,
8781,
8801,
8818,
8821,
8829,
8866,
8881,
8897,
8905,
8920,
8926,
8932,
8948,
8953,
8990,
9031,
9038,
9050,
9051,
9063,
9070,
9105,
9116,
9119,
9121,
9125,
9136,
9141,
9145,
9146,
9155,
9158,
9198,
9205,
9228,
9230,
9231,
9249,
9260,
9269,
9299,
9304,
9318,
9326,
9329,
9341,
9351,
9354,
9365,
9381,
9394,
9416,
9443,
9471,
9498,
9500,
9506,
9534,
9541,
9583,
9595,
9605,
9617,
9644,
9648,
9657,
9676,
9689,
9694,
9756,
9762,
9790,
9808,
9824,
9829,
9845,
9873,
9902,
9905,
9908,
9919,
9922,
9924,
9930,
9937,
9971,
9976,
9981,
9988,
10010,
10013,
10030,
10085,
10091,
10094,
10099,
10118,
10139,
10143,
10164,
10214,
10219,
10242,
10318,
10396,
10423,
10429,
10474,
10481,
10507,
10620,
10750,
10796,
11071,
11081,
11114,
11139,
11142,
11232,
11233,
11260,
11290,
11338,
11351,
11404,
11426,
11427,
11492,
11525,
11556,
11562,
11664,
11666,
11706,
11708,
11776,
11814,
11816,
11830,
11844,
11845,
11888,
11976,
11990,
11992,
11994,
12083,
12252,
12271,
12297,
12301,
12302,
12322,
12334,
12338,
12353,
12355,
12357,
12360,
12361,
12389,
12390,
12392,
12400,
12414,
12418,
12430,
12436,
12455,
12479,
12494,
12496,
12552,
12570,
12576,
12578,
12605,
12611,
12644,
12668,
12708,
12709,
12714,
12716,
12735,
12737,
12741,
12764,
12768,
12778,
12810,
12829,
12843,
12849,
12850,
12871,
12874,
12883,
12887,
12897,
12912,
12941,
12946,
12958,
12963,
12969,
12975,
12978,
12989,
12997,
13000,
13030,
13036,
13037,
13045,
13046,
13055,
13091,
13101,
13110,
13122,
13124,
13127,
13156,
13170,
13182,
13188,
13189,
13194,
13272,
13280,
13285,
13306,
13347,
13367,
13370,
13377,
13427,
13451,
13489,
13781,
13807,
13977,
13999,
14051,
14080,
14117,
14259,
14333,
14371,
14522,
14615,
14638,
14695,
14709,
14749,
14754,
14813,
14868,
14979,
14988,
15081,
15108,
15146,
15344,
15366,
15377,
15378,
15399,
15435,
15457,
15474,
15493,
15502,
15525,
15542,
15547,
15557,
15582,
15600,
15605,
15617,
15640,
15659,
15673,
15704,
15706,
15723,
15735,
15774,
15796,
15802,
15805,
15879,
15895,
15897,
15899,
15924,
15925,
15943,
15958,
15962,
15964,
15975,
15994,
16010,
16019,
16058,
16086,
16116,
16135,
16160,
16202,
16223,
16246,
16301,
16302,
16316,
16333,
16342,
16345,
16591,
16637,
16717,
16735,
16814,
16904,
16906,
16960,
17072,
17079,
17222,
17306,
17421,
17429,
17451,
17465,
17483,
17488,
17501,
17506,
17511,
17534,
17551,
17552,
17557,
17621,
17622,
17623,
17638,
17639,
17665,
17670,
17676,
17698,
17747,
17754,
17806,
17809,
17813,
17816,
17839,
17849,
17853,
17854,
17858,
17864,
17882,
17884,
17917,
17924,
17957,
17962,
17974,
17976,
18001,
18049,
18081,
18103,
18106,
18116,
18126,
18144,
18182,
18207,
18209,
18734,
18747,
18809,
18822,
18881,
18914,
18988,
19108,
19115,
19165,
19182,
19331,
19381,
19397,
19429,
19504,
19863,
19890,
20001,
20015,
20055,
20057,
20115,
20207,
20214,
20294,
20318,
20365,
20394,
20485,
20590,
20634,
20661,
20712,
20776,
20807,
20810,
20845,
20875,
20879,
20880,
20886,
20904,
20910,
20911,
20912,
20963,
20978,
21003,
21021,
21050,
21107,
21127,
21183,
21191,
21211,
21219,
21230,
21232,
21246,
21263,
21271,
21277,
21283,
21299,
21310,
21334,
21348,
21351,
21365,
21385,
21412,
21413,
21453,
21483,
21497,
21502,
21508,
21571,
21575,
21725,
21743,
21804,
21826,
21921,
21928,
21947,
21949,
22047,
22060,
22070,
22085,
22258,
22313,
22322,
22363,
22423,
22689,
22724,
22750,
22765,
22773,
22884,
22909,
22923,
22927,
22995,
23031,
23089,
23114,
23184,
23201,
23243,
23314,
23404,
23473,
23497,
23563,
23618,
23655,
23674,
23688,
23693,
23700,
23752,
24444,
24445,
24499,
24530,
24532,
24535,
24547,
24550,
24560,
24589,
24651,
24685,
24689,
24691,
24739,
24750,
24751,
24757,
24812,
24835,
24852,
24863,
24889,
24904,
24955,
25019,
25086,
25098,
25106,
25133,
25135,
25139,
25144,
25159,
25211,
25229,
25255,
25311,
25374,
25406,
25408,
25454,
25472,
25482,
25509,
25513,
25515,
25521,
25549,
25577,
25585,
25596,
25668,
25764,
25814,
26253,
26292,
26599,
26611,
26615,
26827,
26873,
26911,
27017,
27364,
27425,
27578,
27651,
27653,
27665,
27668,
27672,
27699,
27717,
27725,
27738,
27747,
27773,
27775,
27800,
27813,
27831,
27839,
27882,
27884,
27896,
27901,
27947,
27951,
27983,
27984,
27995,
28006,
28036,
28048,
28075,
28111,
28118,
28126,
28132,
28146,
28186,
28191,
28201,
28202,
28210,
28213,
28220,
28240,
28255,
28263,
28270,
28283,
28285,
28292,
28300,
28306,
28309,
28328,
28331,
28343,
28370,
28398,
28403,
28432,
28458,
28459,
28469,
28509,
28513,
28545,
28548,
28554,
28573,
28577,
28580,
28610,
28613,
28624,
28634,
28649,
28652,
28656,
28665,
28668,
28683,
28725,
28787,
28812,
28840,
28884,
28885,
28890,
28917,
28919,
28972,
29030,
29031,
29069,
29081,
29084,
29107,
29124,
29125,
29170,
29190,
29194,
29196,
29244,
29247,
29256,
29310,
29314,
29329,
29357,
29413,
29447,
29465,
29485,
29492,
29497,
29505,
29518,
29544,
29562,
29571,
29580,
29582,
29614,
29667,
29687,
29695,
29974,
29975,
30036,
30110,
30600,
30640,
30689,
30722,
30764,
30766,
30784,
30793,
30844,
30848,
30868,
30873,
30922,
30925,
30985,
30986,
30992,
30999,
31012,
31036,
31042,
31115,
31122,
31133,
31143,
31148,
31163,
31195,
31200,
31204,
31205,
31208,
31213,
31214,
31224,
31246,
31250,
31252,
31257,
31272,
31286,
31317,
31334,
31343,
31363,
31404,
31435,
31452,
31499,
31510,
31514,
31549,
31655,
31685,
31725,
32133,
32204,
32233,
32329,
32354,
32437,
32444,
32489,
32490,
32582,
32614,
32709,
32867,
33037,
33044,
33218,
33287,
33363,
33489,
33491,
33567,
33576,
33588,
33604,
33650,
33651,
33652,
33653,
33654,
33657,
33659,
33660,
33661,
33662,
33665,
33666,
33667,
33668,
33763,
33765,
33771,
33779,
33788,
33796,
33823,
33874,
33885,
33894,
33915,
33922,
33941,
33983,
33991,
34001,
34058,
34087,
34120,
34139,
34145,
34150,
34170,
34187,
34218,
34244,
34263,
34288,
34295,
34296,
34362,
34456,
34471,
34533,
34550,
34569,
34577,
34590,
34594,
34602,
34620,
34629,
34659,
34661,
34700,
34743,
34754,
34757,
34779,
34797,
34814,
34857,
34867,
34887,
34953,
34977,
34984,
35000,
35004,
35032,
35047,
35091,
35141,
35154,
35179,
35197,
35205,
35228,
35244,
35271,
35311,
35319,
35320,
35362,
35394,
35432,
35437,
35444,
35467,
35475,
35539,
35540,
35598,
35612,
35699,
35706,
35725,
35728,
35753,
35790,
35804,
35805,
35807,
35810,
35816,
35819,
35847,
35860,
35900,
35911,
36149,
36223,
36423,
36493,
36511,
36527,
36728,
36827,
36866,
36873,
36874,
36884,
36890,
36902,
36903,
36907,
36908,
36924,
36925,
36926,
36935,
36937,
36947,
36958,
36963,
36974,
36992,
36994,
36996,
36998,
37002,
37009,
37030,
37035,
37037,
37054,
37061,
37069,
37075,
37076,
37088,
37119,
37133,
37136,
37148,
37154,
37164,
37168,
37190,
37196,
37204,
37284,
37287,
37315,
37317,
37340,
37342,
37343,
37349,
37371,
37385,
37410,
37424,
37440,
37447,
37451,
37457,
37461,
37473,
37482,
37492,
37517,
37524,
37531,
37542,
37559,
37560,
37563,
37564,
37611,
37640,
37645,
37649,
37671,
37680,
37693,
37697,
37705,
37892,
38019,
38067,
38145,
38165,
38182,
38195,
38264,
38285,
38286,
38322,
38442,
38493,
38511,
38517,
38527,
38565,
38623,
38628,
38750,
38754,
38778,
38841,
38851,
39010,
39028,
39065,
39087,
39102,
39120,
39122,
39184,
39190,
39194,
39199,
39201,
39216,
39232,
39264,
39328,
39435,
39484,
39529,
39531,
39554,
39603,
39608,
39611,
39642,
39651,
39699,
39709,
39735,
39785,
39811,
39812,
39857,
39878,
39891,
39927,
40029,
40237,
40328,
40545,
40749,
40760,
40788,
40945,
40993,
41030,
41039,
41046,
41110,
41114,
41119,
41164,
41202,
41232,
41268,
41273,
41275,
41330,
41349,
41435,
41495,
41549,
41557,
41560,
41563,
41661,
41668,
41676,
41682,
41691,
41704,
41709,
41720,
41727,
41733,
41750,
41754,
41798,
41802,
41820,
41822,
41843,
41897,
41929,
41937,
41953,
42003,
42038,
42065,
42082,
42087,
42110,
42116,
42145,
42148,
42184,
42227,
42232,
42239,
42248,
42277,
42298,
42313,
42322,
42343,
42387,
42431,
42437,
42455,
42459,
42541,
42555,
42560,
42571,
42574,
42580,
42610,
42611,
42621,
42652,
42668,
42682,
42683,
42689,
42765,
42772,
42841,
42863,
42864,
42885,
42892,
42893,
42905,
42908,
42925,
42947,
42965,
43016,
43038,
43139,
43182,
43205,
43235,
43274,
43314,
43372,
43529,
43530,
43554,
43557,
43561,
43567,
43571,
43612,
43668,
43714,
43733,
43754,
43793,
43824,
43936,
43939,
43940,
43966,
43991,
44020,
44030,
44050,
44056,
44061,
44087,
44134,
44143,
44180,
44213,
44217,
44244,
44247,
44257,
44265,
44270,
44391,
44395,
44416,
44419,
44483,
44489,
44506,
44507,
44604,
44656,
44677,
44678,
44710,
44712,
44724,
44735,
44764,
44869,
44874,
44894,
44923,
44941,
44943,
44963,
45007,
45011,
45177,
45184,
45194,
45271,
45305,
45312,
45345,
45356,
45498,
45510,
45528,
45543,
45558,
45588,
45595,
45609,
45629,
45650,
45669,
45701,
45722,
45724,
45725,
45758,
45763,
45766,
45769,
45775,
45780,
45786,
45804,
45814,
45899,
45905,
45916,
45925,
45960,
46063,
46154,
46375,
46408,
46618,
46650,
46687,
46690,
46962,
47027,
47118,
47119,
47165,
47169,
47202,
47203,
47232,
47236,
47241,
47304,
47331,
47377,
47402,
47438,
47499,
47524,
47586,
47589,
47626,
47694,
47759,
47771,
47889,
47895,
47914,
47956,
48000,
48092,
48101,
48149,
48161,
48166,
48176,
48190,
48239,
48293,
48294,
48320,
48323,
48330,
48346,
48354,
48416,
48437,
48438,
48475,
48492,
48503,
48506,
48524,
48526,
48573,
48642,
48683,
48695,
48728,
48814,
48832,
48847,
48870,
48882,
48917,
48940,
48945,
49037,
49048,
49088,
49129,
49136,
49158,
49163,
49218,
49273,
49301,
49325,
49342,
49350,
49368,
49375,
49403,
49453,
49455,
49588,
49605,
49628,
49717,
49724,
49770,
49776,
49779,
49800,
49816,
49824,
49826,
49852,
49883,
49893,
49902,
50010,
50060,
50071,
50083,
50126,
50130,
50174,
50181,
50266,
50272,
50316,
50392,
50406,
50473,
50477,
50498,
50512,
50528,
50542,
50543,
50576,
50577,
50581,
50596,
50620,
50629,
50666,
50673,
50685,
50710,
50716,
50771,
50821,
50920,
50923,
50949,
50959,
50973,
51004,
51032,
51035,
51088,
51184,
51207,
51249,
51263,
51273,
51319,
51351,
51367,
51375,
51402,
51407,
51495,
51505,
51515,
51522,
51561,
51570,
51582,
51604,
51645,
51669,
51684,
51685,
51784,
51809,
51813,
51819,
51896,
51935,
51978,
52015,
52026,
52043,
52056,
52075,
52180,
52207,
52228,
52233,
52260,
52262,
52263,
52292,
52341,
52362,
52439,
52468,
52519,
52527,
52539,
52540,
52548,
52556,
52559,
52564,
52565,
52577,
52579,
52583,
52587,
52591,
52596,
52601,
52606,
52607,
52613,
52617,
52641,
52657,
52660,
52686,
52687,
52696,
52697,
52722,
52724,
52745,
52762,
52766,
52771,
52793,
52827,
52830,
52843,
52856,
52858,
52860,
52872,
52878,
52906,
52907,
52918,
52937,
52948,
52962,
52964,
52999,
53001,
53003,
53006,
53019,
53022,
53043,
53059,
53062,
53066,
53072,
53075,
53087,
53097,
53102,
53130,
53182,
53205,
53209,
53213,
53216,
53218,
53234,
53238,
53256,
53407,
53423,
53508,
53703,
53823,
53913,
54133,
54182,
54198,
54225,
54614,
54980,
55039,
55145,
55352,
55391,
55430,
55482,
55492,
55555,
55577,
56361,
56373,
56420,
56465,
56478,
56523,
56568,
56575,
56665,
56668,
56724,
56791,
56981,
57026,
57044,
57093,
57099,
57128,
57152,
57154,
57223,
57227,
57269,
57279,
57293,
57353,
57359,
57378,
57422,
57513,
57516,
57704,
57732,
57793,
57794,
57800,
57847,
57888,
57999,
58073,
58079,
58224,
58230,
58243,
58246,
58254,
58273,
58299,
58322,
58340,
58396,
58424,
58482,
58485,
58504,
58553,
58678,
58689,
58715,
58717,
58821,
58834,
58895,
58945,
58965,
58969,
59108,
59127,
59149,
59239,
59257,
59280,
59282,
59362,
59382,
59497,
59514,
59588,
59605,
59625,
59702,
59713,
59790,
59815,
59989,
60036,
60098,
60139,
60202,
60255,
60257,
60294,
60377,
60443,
60656,
60670,
60822,
60876,
60966,
61049,
61139,
61172,
61240,
61244,
61337,
61360,
61461,
61587,
61589,
61615,
61621,
61649,
61653,
61662,
61667,
61668,
61671,
61677,
61678,
61693,
61699,
61711,
61716,
61720,
61732,
61754,
61757,
61759,
61761,
61770,
61772,
61776,
61786,
61802,
61812,
61816,
61839,
61845,
61847,
61868,
61874,
61884,
61893,
61895,
61910,
61911,
61914,
61917,
61928,
61930,
61934,
61937,
61940,
62105,
62179,
62336,
62347,
62365,
62419,
62423,
62809,
62917,
63060,
63072,
63296,
63526,
63859,
63873,
63969,
63980,
63996,
64024,
64029,
64072,
64073,
64098,
64126,
64300,
64429,
131090,
131111,
131178,
131267,
131275,
131429,
131445,
131464,
131584,
131591,
131596,
131602,
131607,
131627,
131706,
131773,
131958,
132045,
132061,
132116,
132165,
132199,
132298,
132447,
132480,
132497,
132525,
132556,
132637,
132641,
132649,
132652,
132669,
132770,
132974,
133001,
133275,
133283,
133287,
133334,
133414,
133481,
133606,
133612,
133613,
133661,
133720,
133799,
133809,
133838,
133866,
133982,
133996,
134026,
134090,
134113,
134127,
134134,
134146,
134153,
134259,
134371,
134489,
134506,
134623,
134630,
134651,
134658,
134674,
134697,
134707,
134732,
134762,
134772,
134773,
134774,
134810,
134968,
135000,
135126,
135232,
135300,
135328,
135425,
135439,
135477,
135478,
135480,
135654,
135697,
135726,
135746,
135756,
135760,
135761,
135772,
135799,
135806,
135810,
135839,
135887,
136027,
136065,
136075,
136100,
136119,
136128,
136167,
136176,
136199,
136200,
136217,
136224,
136255,
136289,
136334,
136342,
136479,
136514,
136525,
136557,
136644,
136714,
136844,
136873,
136874,
136969,
137000,
137226,
137329,
137351,
137403,
137416,
137449,
137453,
137681,
137691,
137834,
137872,
138024,
138079,
138087,
138089,
138096,
138109,
138112,
138117,
138143,
138146,
138150,
138259,
138311,
138343,
138346,
138482,
138505,
138517,
138528,
138551,
138575,
138590,
138600,
138655,
138754,
138814,
138818,
138824,
138828,
138854,
138860,
138873,
138881,
138886,
138887,
138910,
138974,
138998,
139009,
139026,
139042,
139077,
139084,
139088,
139197,
139300,
139365,
139378,
139389,
139428,
139490,
139515,
139623,
139642,
139643,
139820,
139831,
139854,
139941,
139951,
139955,
139967,
139972,
139977,
139981,
139982,
139994,
140050,
140080,
140133,
140159,
140201,
140384,
140407,
140413,
140423,
140457,
140475,
140481,
140482,
140607,
140644,
140726,
140732,
140906,
140923,
140930,
140962,
140994,
141010,
141023,
141049,
141056,
141067,
141071,
141073,
141077,
141081,
141093,
141105,
141126,
141137,
141139,
141140,
141145,
141215,
141285,
141342,
141385,
141431,
141529,
141565,
141588,
141600,
141607,
141616,
141626,
141642,
141645,
141664,
141731,
141767,
141806,
141916,
141921,
141935,
141945,
141959,
141983,
141985,
142003,
142006,
142045,
142198,
142221,
142307,
142333,
142356,
142364,
142366,
142370,
142382,
142386,
142387,
142389,
142394,
142419,
142428,
142453,
142559,
146904,
147006,
147066,
147087,
147097,
147101,
147121,
147126,
147154,
147224,
149306,
149334,
149335,
149359,
149401,
149404,
149419,
149433,
149445,
149533,
149664,
149672,
149675,
149689,
149697,
149712,
149714,
149723,
149728,
149742,
149744,
149746,
149749,
149863,
149874,
149881,
149903,
149915,
149925,
149930,
149934,
149964,
150000,
150008,
150022,
150034,
150073,
150187,
150191,
150193,
150202,
150232,
150242,
150256,
150257,
150272,
150279,
150462,
150487,
150501,
150509,
150517,
150519,
150540,
150552,
150555,
150557,
150683,
150697,
150701,
150750,
150931,
150940,
150942,
150961,
150972,
150980,
150986,
150989,
151064,
151330,
151396,
151473,
151505,
151521,
151522,
151533,
151549,
151585,
151586,
151600,
151608,
151620,
151633,
151660,
151667,
151757,
151781,
151992,
151995,
152005,
152023,
152026,
152060,
152073,
152141,
152300,
152322,
152328,
152344,
152406,
152411,
152449,
152488,
152605,
152758,
152764,
152794,
152796,
152825,
152841,
153060,
153073,
153079,
153085,
153122,
153124,
153131,
153234,
153292,
153327,
153573,
153615,
153664,
153768,
153893,
154146,
154189,
154210,
154223,
154365,
154444,
154449,
196655,
196705,
196714,
196927,
196949,
196954,
196968,
197023,
197078,
197146,
197207,
197248,
197288,
197301,
197423,
197524,
197558,
197637,
197704,
197793,
197897,
198253,
198293,
198408,
198440,
198471,
198570,
198589,
198690,
198709,
198722,
198726,
198731,
198793,
198813,
198820,
198859,
198930,
199082,
199087,
199173,
199284,
199298,
199452,
199468,
199480,
199496,
199508,
199634,
199775,
199811,
199995,
200119,
200278,
200444,
200735,
200736,
200773,
200845,
200868,
200924,
201006,
201019,
201172,
201178,
201211,
201290,
201540,
201556,
201587,
201746,
201749,
201776,
201798,
201838,
201952,
201962,
202050,
202098,
202208,
202246,
202279,
202282,
202441,
202596,
202613,
202813,
202870,
202911,
202921,
202940,
203206,
203217,
203293,
203568,
203817,
203847,
203953,
203971,
204151,
204161,
204170,
204274,
204332,
204538,
204731,
204779,
204989,
205254,
205473,
205515,
205669,
205714,
205771,
205806,
205844,
205889,
205975,
205998,
206067,
206111,
206196,
206206,
206238,
206260,
206262,
206347,
206366,
206509,
206774,
206920,
206978,
207017,
207144,
207369,
207375,
207645,
207860,
207987,
207995,
208038,
208041,
208189,
208397,
208594,
208599,
208687,
208882,
208909,
208972,
208988,
209002,
209275,
209400,
209528,
209551,
209863,
210218,
210278,
210490,
210616,
210619,
210874,
211215,
211309,
211597,
211785,
211873,
212109,
212193,
212263,
212655,
212665,
212683,
212751,
212756,
212897,
213269,
213281,
213494,
213746,
215066,
215367,
215423,
215523,
216275,
216392,
262186,
262197,
262202,
262210,
262253,
262274,
262293,
262301,
262313,
262322,
262324,
262354,
262361,
262362,
262364,
262378,
262380,
262393,
262394,
262403,
262416,
262417,
262422,
262426,
262452,
262456,
262457,
262463,
262468,
262469,
262476,
262478,
262494,
262519,
262523,
262531,
262532,
262537,
262543,
262544,
262588,
262591,
262612,
262616,
262617,
262633,
262648,
262659,
262664,
262669,
262673,
262689,
262708,
262713,
262715,
262720,
262732,
262753,
262792,
262812,
262813,
262818,
262820,
262824,
262826,
262832,
262841,
262847,
262855,
262880,
262891,
262906,
262907,
262928,
262940,
262947,
262953,
262979,
262996,
262997,
263006,
263008,
263010,
263011,
263036,
263059,
263077,
263085,
263089,
263090,
263097,
263099,
263102,
263137,
263142,
263175,
263223,
263250,
263262,
263276,
263281,
263285,
263289,
263292,
263317,
263327,
263343,
263350,
263359,
263377,
263411,
263427,
263439,
263464,
263466,
263483,
263484,
263526,
263544,
263562,
263566,
263611,
263614,
263635,
263648,
263651,
263661,
263693,
263703,
263769,
263806,
263834,
263886,
263904,
263905,
263906,
263910,
263921,
263929,
263941,
263947,
263948,
263961,
263972,
263990,
263998,
264015,
264042,
264046,
264050,
264056,
264075,
264079,
264091,
264108,
264126,
264129,
264134,
264137,
264162,
264168,
264191,
264195,
264200,
264202,
264221,
264235,
264275,
264283,
264320,
264350,
264353,
264369,
264386,
264400,
264406,
264443,
264460,
264473,
264491,
264500,
264503,
264536,
264556,
264562,
264567,
264570,
264573,
264577,
264579,
264602,
264628,
264645,
264668,
264732,
264758,
264814,
264827,
264867,
264881,
264900,
264912,
264921,
264944,
264963,
264969,
264978,
265008,
265010,
265029,
265040,
265043,
265050,
265061,
265086,
265087,
265093,
265124,
265169,
265172,
265197,
265207,
265220,
265231,
265234,
265259,
265265,
265275,
265294,
265295,
265307,
265326,
265369,
265398,
265411,
265430,
265435,
265480,
265540,
265625,
265641,
265642,
265662,
265721,
265757,
265816,
265858,
265886,
265899,
265904,
265917,
265918,
265936,
265946,
265948,
265955,
265968,
265986,
265989,
265990,
265998,
266010,
266013,
266021,
266040,
266061,
266066,
266070,
266080,
266090,
266095,
266103,
266111,
266121,
266140,
266145,
266164,
266188,
266190,
266196,
266204,
266214,
266242,
266253,
266256,
266260,
266265,
266270,
266271,
266272,
266277,
266284,
266285,
266312,
266321,
266337,
266345,
266377,
266381,
266391,
266475,
266493,
266535,
266547,
266566,
266572,
266577,
266595,
266598,
266599,
266606,
266623,
266626,
266644,
266768,
266776,
266917,
266920,
266931,
266935,
266936,
266956,
266962,
266984,
266985,
267013,
267015,
267026,
267027,
267033,
267046,
267071,
267073,
267088,
267113,
267115,
267124,
267126,
267127,
267161,
267169,
267178,
267202,
267205,
267225,
267234,
267261,
267267,
267283,
267293,
267318,
267319,
267321,
267335,
267343,
267365,
267369,
267381,
267398,
267424,
267442,
267450,
267452,
267458,
267468,
267471,
267492,
267521,
267531,
267542,
267550,
267566,
267567,
267570,
267578,
267587,
267593,
267606,
267614,
267641,
267642,
267660,
267758,
267809,
267811,
267818,
267851,
267940,
267963,
267988,
267999,
268019,
268023,
268036,
268042,
268053,
268068,
268069,
268101,
268117,
268125,
268135,
268138,
268145,
268150,
268157,
268163,
268177,
268185,
268189,
268190,
268194,
268205,
268207,
268213,
268214,
268265,
268269,
268277,
268314,
268320,
268321,
268323,
268336,
268339,
268342,
268350,
268351,
268353,
268355,
268376,
268399,
268425,
268458,
268465,
268473,
268487,
268518,
268519,
268529,
268531,
268535,
268548,
268550,
268551,
268552,
268560,
268563,
268572,
268574,
268578,
268586,
268592,
268604,
268631,
268641,
268643,
268647,
268663,
268669,
268682,
268697,
268708,
268722,
268725,
268730,
268746,
268750,
268757,
268762,
268790,
268791,
268798,
268801,
268805,
268810,
268813,
268815,
268817,
268831,
268838,
268867,
268873,
268875,
268879,
268897,
268914,
268915,
268936,
268940,
268945,
268955,
268970,
268985,
269007,
269010,
269018,
269035,
269057,
269067,
269069,
269103,
269120,
269135,
269141,
269144,
269174,
269178,
269180,
269245,
269251,
269272,
269293,
269299,
269351,
269359,
269360,
269379,
269386,
269401,
269416,
269420,
269424,
269430,
269434,
269442,
269457,
269475,
269477,
269481,
269506,
269554,
269567,
269571,
269616,
269639,
269643,
269664,
269667,
269681,
269683,
269701,
269721,
269749,
269832,
269876,
269988,
270158,
270175,
270252,
270254,
270272,
270274,
270283,
270306,
270309,
270321,
270323,
270329,
270333,
270340,
270359,
270364,
270373,
270377,
270378,
270405,
270412,
270415,
270438,
270448,
270468,
270478,
270483,
270500,
270507,
270523,
270533,
270534,
270543,
270554,
270556,
270571,
270577,
270585,
270589,
270607,
270615,
270638,
270647,
270648,
270652,
270664,
270667,
270677,
270684,
270703,
270705,
270711,
270717,
270766,
270776,
270778,
270791,
270795,
270796,
270804,
270814,
270819,
270822,
270841,
270849,
270869,
270871,
270872,
270880,
270886,
270895,
270900,
270902,
270916,
270928,
270935,
270937,
270943,
270948,
270960,
270964,
270971,
270982,
270987,
271034,
271095,
271102,
271143,
271146,
271149,
271160,
271176,
271196,
271202,
271206,
271211,
271233,
271247,
271263,
271270,
271302,
271323,
271342,
271357,
271359,
271369,
271374,
271377,
271387,
271406,
271412,
271413,
271418,
271436,
271452,
271457,
271474,
271475,
271480,
271511,
271517,
271519,
271526,
271529,
271548,
271555,
271570,
271572,
271612,
271620,
271637,
271642,
271657,
271661,
271662,
271665,
271681,
271683,
271689,
271713,
271715,
271739,
271745,
271791,
271799,
271927,
271951,
271997,
272069,
272111,
272112,
272120,
272167,
272174,
272195,
272212,
272272,
272278,
272366,
272403,
272447,
272464,
272484,
272513,
272536,
272539,
272548,
272549,
272553,
272606,
272730,
272750,
272775,
272790,
272809,
272836,
272897,
272971,
273078,
273103,
273120,
273138,
273208,
273309,
273328,
273335,
273340,
273363,
273436,
273454,
273467,
273493,
273497,
273525,
273526,
273562,
273596,
273599,
273624,
273656,
273659,
273683,
273709,
273717,
273730,
273755,
273780,
273782,
273798,
273816,
273824,
273843,
273847,
273937,
273966,
273988,
274225,
274311,
274340,
274463,
274550,
274567,
274607,
274685,
274689,
274709,
274726,
274802,
274834,
274841,
327688,
327708,
327712,
327745,
327761,
327782,
327799,
327814,
327872,
327885,
327900,
327901,
327931,
327934,
328001,
328126,
328137,
328140,
328169,
328178,
328200,
328250,
328266,
328286,
328297,
328309,
328316,
328317,
328351,
328442,
328469,
328471,
328474,
328514,
328576,
328578,
328585,
328596,
328611,
328638,
328760,
328888,
328977,
328987,
329029,
329038,
329103,
329174,
329360,
329379,
329415,
329578,
329608,
393238,
393278,
393422,
393429,
393442,
393552,
394146,
394352,
394752,
395075,
395354,
395367,
395466,
395570,
395662,
395853,
395965,
396097,
396185,
396238,
396304,
396503,
396952,
396969,
397303,
397412,
397732,
398035,
398113,
398143,
398420,
398721,
398872,
399016,
399100,
399226,
399240,
399307,
399503,
399788,
399833,
399898,
400202,
400220,
400268,
400699
