8,
9,
12,
16,
17,
20,
26,
32,
34,
46,
59,
62,
73,
82,
87,
88,
102,
103,
109,
111,
137,
156,
161,
174,
194,
209,
210,
217,
224,
225,
278,
376,
513,
553,
559,
577,
680,
701,
702,
714,
715,
760,
766,
786,
789,
797,
802,
823,
852,
979,
1103,
1128,
1133,
1161,
1219,
1221,
1241,
1249,
1257,
1299,
1312,
1351,
1653,
1741,
1742,
1776,
1820,
1835,
1853,
1888,
1897,
1916,
1930,
2047,
2055,
2108,
2165,
2200,
2496,
2497,
2516,
2527,
2553,
2571,
2576,
2611,
2635,
2639,
2647,
2665,
2715,
2818,
2834,
2843,
2846,
2852,
2856,
2914,
3136,
3147,
3209,
3215,
3236,
3243,
3258,
3301,
3303,
3313,
3316,
3329,
3333,
3352,
3356,
3379,
3388,
3389,
3449,
3456,
3462,
3477,
3481,
3486,
3527,
3561,
3573,
3614,
3685,
3701,
3705,
3724,
3778,
3786,
3842,
3920,
4015,
4046,
4130,
4134,
4155,
4181,
4385,
4455,
4515,
4528,
4538,
4583,
4593,
4608,
4611,
4618,
4657,
4668,
4685,
4694,
4713,
4755,
4758,
4760,
4761,
4766,
4792,
4804,
4808,
4811,
4812,
4822,
4837,
4847,
5403,
5404,
5432,
5483,
5517,
5520,
5539,
5607,
5617,
5650,
5661,
5723,
5774,
5972,
6057,
6106,
6134,
6150,
6200,
6220,
6253,
6262,
6325,
6352,
6354,
6356,
6360,
6366,
6389,
6429,
6510,
6619,
6629,
6646,
6698,
6724,
6730,
6758,
6799,
6805,
6810,
6830,
6848,
6855,
6939,
6949,
7004,
7018,
7040,
7046,
7162,
7276,
7301,
7303,
7359,
7506,
7552,
7575,
7625,
7630,
7684,
7726,
7764,
7843,
7896,
7922,
7941,
7973,
7979,
8030,
8068,
8069,
8070,
8075,
8076,
8151,
8193,
8220,
8234,
8248,
8255,
8267,
8291,
8303,
8304,
8308,
8342,
8359,
8374,
8391,
8400,
8412,
8414,
8426,
8434,
8484,
8535,
8551,
8560,
8612,
8648,
8659,
8660,
8674,
8692,
8708,
8739,
8763,
8767,
8839,
8856,
8881,
8883,
8891,
8901,
8972,
8985,
8987,
9002,
9063,
9121,
9123,
9145,
9158,
9159,
9198,
9286,
9308,
9318,
9370,
9371,
9498,
9597,
9607,
9644,
9752,
9808,
9829,
9891,
9924,
9952,
10010,
10029,
10122,
10158,
10361,
10411,
10668,
10670,
10694,
10745,
10753,
10755,
10794,
10846,
10879,
10912,
10921,
10929,
10954,
10966,
10982,
10996,
11019,
11054,
11078,
11105,
11106,
11207,
11273,
11278,
11279,
11403,
11406,
11426,
11432,
11442,
11492,
11520,
11664,
11696,
11719,
11740,
11745,
11790,
11807,
11827,
11840,
11855,
11872,
11985,
12005,
12059,
12079,
12145,
12148,
12217,
12229,
12257,
12301,
12306,
12312,
12322,
12329,
12337,
12353,
12389,
12400,
12479,
12488,
12516,
12525,
12601,
12616,
12637,
12678,
12696,
12732,
12813,
12816,
12827,
12876,
12978,
13008,
13041,
13147,
13193,
13223,
13237,
13335,
13348,
13371,
13445,
13462,
13489,
13490,
13506,
13535,
13588,
13645,
13649,
13684,
13767,
13768,
13796,
13812,
14061,
14259,
14298,
14299,
14340,
14618,
14627,
14738,
14744,
14745,
14782,
14907,
15113,
15149,
15169,
15208,
15224,
15318,
15348,
15391,
15395,
15435,
15456,
15549,
15557,
15598,
15632,
15685,
15806,
15830,
15897,
15967,
16075,
16107,
16125,
16138,
16182,
16276,
16326,
16345,
16347,
16462,
16509,
16552,
16625,
16637,
16660,
16686,
16701,
16733,
16735,
16751,
16839,
16848,
16876,
16880,
16922,
17035,
17054,
17055,
17506,
17564,
17623,
17676,
17685,
17716,
17881,
17961,
17983,
18051,
18160,
18229,
18403,
18465,
18568,
18705,
19189,
19224,
19250,
19317,
19318,
19373,
19437,
19551,
19557,
19574,
19648,
19679,
19780,
19871,
19905,
19994,
20044,
20116,
20141,
20258,
20473,
20546,
20596,
20633,
20675,
20705,
20740,
20746,
20756,
20764,
20857,
20860,
20940,
21051,
21192,
21245,
21276,
21341,
21777,
21785,
21840,
21859,
22024,
22063,
22244,
22252,
22284,
22390,
22414,
22427,
22548,
22604,
22611,
22612,
22652,
22697,
22773,
22834,
22989,
23005,
23028,
23140,
23162,
23237,
23352,
23393,
23576,
23616,
23693,
23724,
23816,
23820,
23910,
24151,
24211,
24247,
24282,
24400,
24429,
24436,
24462,
24482,
24547,
24572,
24586,
24600,
24611,
24638,
24641,
24690,
24723,
24768,
24823,
24843,
24913,
24940,
24955,
24961,
24971,
25106,
25159,
25192,
25248,
25285,
25291,
25394,
25506,
25532,
25697,
25751,
25773,
25829,
26042,
26046,
26101,
26210,
26218,
26342,
26347,
26380,
26496,
26529,
26662,
26666,
26762,
26787,
26810,
27011,
27257,
27357,
27365,
27385,
27589,
27632,
27647,
27715,
27790,
28089,
28571,
28573,
28604,
28637,
28753,
28785,
28812,
28839,
28855,
29003,
29066,
29097,
29169,
29182,
29222,
29226,
29278,
29298,
29447,
29550,
29561,
29670,
29691,
29702,
29758,
29789,
29802,
29816,
29873,
29988,
29990,
29992,
30060,
30083,
30148,
30193,
30217,
30313,
30320,
30383,
30447,
30633,
30641,
30811,
30860,
30931,
30983,
31004,
31034,
31042,
31080,
31083,
31133,
31151,
31174,
31200,
31483,
31621,
31715,
31727,
31747,
31822,
31898,
31937,
32181,
32244,
32338,
32354,
32368,
32472,
32475,
32489,
32577,
32934,
32982,
33070,
33083,
33091,
33191,
33198,
33442,
33522,
33738,
33764,
33837,
33905,
34011,
34086,
34156,
34177,
34285,
34309,
34343,
34624,
34655,
34762,
34788,
34798,
34878,
34879,
34959,
34984,
34993,
35028,
35039,
35179,
35237,
35278,
35280,
35285,
35293,
35338,
35415,
35673,
35676,
35704,
35739,
35916,
36154,
36323,
36351,
36459,
36646,
36647,
36692,
36850,
36947,
37061,
37936,
37963,
38099,
38244,
38283,
38365,
38532,
38631,
38700,
38731,
38952,
39029,
39122,
39134,
39218,
39287,
39351,
39392,
39415,
39551,
39570,
39572,
39605,
39684,
39729,
39731,
39787,
39832,
39960,
40009,
40026,
40027,
40034,
40401,
40428,
40444,
40509,
40675,
40824,
40913,
40934,
41064,
41079,
41231,
41417,
41468,
41615,
41628,
41653,
41690,
41706,
41722,
41887,
42044,
42216,
42223,
42244,
42371,
42532,
42567,
42612,
42632,
42649,
42652,
42656,
42708,
42807,
42848,
43037,
43066,
43081,
43091,
43193,
43226,
43247,
43298,
43311,
43317,
43350,
43354,
43362,
43391,
43399,
43513,
43541,
43614,
43727,
43740,
43797,
43896,
44014,
44051,
44066,
44112,
44128,
44239,
44310,
44386,
44444,
44521,
44615,
44704,
44716,
44788,
44865,
44925,
44932,
44968,
44998,
45061,
45062,
45090,
45102,
45474,
45530,
45544,
45596,
45638,
45644,
45708,
45894,
45899,
45903,
45974,
46015,
46375,
46469,
46475,
46562,
46606,
46617,
46636,
46652,
46844,
46928,
47381,
47388,
47481,
47524,
47541,
47544,
47577,
47583,
47586,
47610,
47724,
47764,
47768,
47846,
47917,
47948,
47952,
47957,
48018,
48061,
48096,
48158,
48282,
48287,
48324,
48347,
48399,
48447,
48579,
48635,
48716,
48851,
48854,
48894,
49002,
49063,
49127,
49179,
49186,
49372,
49434,
49453,
49505,
49675,
49699,
49981,
50090,
50098,
50198,
50214,
50245,
50313,
50335,
50340,
50472,
50482,
50613,
50638,
50673,
50881,
51013,
51115,
51154,
51219,
51269,
51468,
51527,
51577,
51586,
51713,
51722,
51852,
51859,
51870,
51894,
52007,
52016,
52030,
52130,
52580,
52649,
52890,
53332,
53334,
53589,
53667,
53736,
53831,
54004,
54113,
54288,
54290,
54455,
54489,
54641,
54885,
54994,
55219,
55293,
55374,
55470,
55532,
55705,
55741,
55824,
55836,
55951,
55960,
55990,
55992,
56041,
56046,
56048,
56201,
56655,
56694,
56898,
57046,
57073,
57352,
57363,
57503,
57629,
57724,
57788,
57811,
57910,
57918,
58010,
58061,
58135,
58182,
58461,
58466,
58476,
58521,
58540,
58542,
58593,
59019,
59132,
59188,
59238,
59253,
59507,
59627,
59692,
59835,
59939,
60068,
60175,
60229,
60330,
60362,
60404,
60458,
60527,
60580,
60664,
60684,
60772,
60781,
60813,
60885,
61157,
61168,
61293,
61306,
61317,
61400,
61866,
61969,
62041,
62371,
62416,
62712,
62744,
62804,
62856,
63023,
63139,
63210,
63362,
63410,
63648,
63826,
63835,
63949,
64258,
131144,
131363,
131392,
131429,
131435,
131623,
131663,
131693,
131930,
131942,
131965,
132043,
132203,
132420,
132520,
132557,
132634,
133037,
133231,
133260,
133274,
133618,
133826,
133865,
134029,
134351,
134543,
134756,
134763,
134771,
134774,
135354,
135377,
135402,
135629,
135905,
135967,
136111,
136133,
136258,
136291,
136659,
136907,
136958,
137235,
137409,
137517,
137661,
137671,
137702,
137718,
137801,
138007,
138341,
138727,
138950,
139057,
139341,
139659,
140227,
140633,
140637,
140766,
141477,
141679,
141995,
142160,
146943,
147303,
150436,
151917,
152199,
153561,
196695,
197248,
197311,
197431,
197482,
197695,
197876,
198226,
198566,
198605,
198610,
198622,
198696,
198913,
198949,
199148,
199178,
199524,
199599,
199993,
200000,
200015,
200019,
200107,
200109,
200195,
200325,
200350,
200514,
200521,
200651,
200777,
200784,
201012,
201085,
201178,
201200,
201589,
201706,
201773,
201814,
202042,
202095,
202425,
202492,
202614,
202655,
202824,
202865,
203055,
204198,
204213,
204343,
204601,
204643,
204706,
204878,
204995,
205090,
205111,
205186,
205272,
205275,
205282,
205312,
205373,
205411,
205461,
205544,
205585,
205820,
206170,
206238,
206281,
206873,
206955,
206980,
207027,
207104,
207304,
207333,
207560,
207592,
207697,
207728,
208398,
208677,
208681,
208981,
209030,
209150,
209242,
209510,
209622,
209626,
209671,
209684,
209847,
210079,
210275,
210403,
210756,
210879,
211143,
211201,
211443,
211609,
212066,
212098,
212216,
212238,
212531,
212792,
213230,
213306,
213373,
213980,
214036,
214390,
215467,
216154,
262178,
264468,
266031,
269346,
271354,
328014,
328174,
393360,
393457,
393471,
393942,
393952,
394396,
394572,
394714,
395366,
395409,
395609,
395717,
395954,
396173,
396253,
396356,
396367,
396982,
396986,
397273,
397423,
397497,
398019,
398101,
398743,
399358,
399482,
399522,
399566,
399668,
400754,
401044,
401645,
42,
187,
378,
721,
1120,
1508,
1797,
1850,
1921,
1955,
2107,
2116,
2149,
2484,
2486,
2500,
2515,
2561,
2597,
2602,
2603,
2609,
2907,
3130,
3132,
3208,
3221,
3233,
3238,
3245,
3257,
3320,
3551,
3557,
3582,
3586,
3661,
3741,
4609,
4613,
4621,
4641,
4780,
5087,
5379,
5408,
5538,
5927,
6713,
6968,
7500,
7642,
8048,
8346,
8365,
8452,
8473,
8511,
8517,
8522,
8561,
8670,
8680,
8781,
8818,
8895,
8934,
8978,
9264,
9311,
9329,
9335,
9464,
9471,
9484,
9735,
10094,
10131,
10569,
10886,
10906,
11081,
11284,
11644,
11816,
12008,
12041,
12046,
12136,
12303,
12486,
12975,
12996,
13682,
14650,
14813,
14988,
15083,
15433,
15606,
15739,
15766,
15815,
15924,
15964,
15975,
16004,
16086,
16214,
17470,
17494,
17709,
17726,
17828,
18001,
18024,
18149,
18200,
18366,
18865,
19836,
20144,
20294,
20771,
20943,
21003,
21282,
21342,
21351,
21396,
21556,
22150,
22306,
23596,
23599,
23600,
23634,
23673,
23774,
23888,
24320,
24713,
24722,
24757,
24796,
25019,
25152,
25354,
25389,
25429,
25543,
26617,
26710,
27661,
28498,
28499,
28500,
28683,
29067,
29216,
29256,
29544,
30844,
30857,
30873,
30982,
30985,
30987,
30990,
31065,
31391,
31492,
31529,
31960,
33724,
33788,
35052,
35160,
35819,
36864,
36884,
36924,
36925,
36938,
36939,
36948,
36958,
36969,
37045,
37100,
37124,
37177,
37204,
37313,
37327,
37385,
37430,
37505,
37510,
37517,
38064,
38229,
38332,
38345,
38736,
38737,
39200,
39279,
39386,
39839,
39840,
39871,
40945,
41176,
42298,
42310,
42385,
42409,
42781,
42909,
43489,
43515,
43519,
43832,
44358,
45187,
45237,
45285,
45356,
45554,
45809,
47201,
47267,
47527,
48011,
48053,
48283,
48979,
49227,
50611,
51172,
51346,
51349,
51354,
51559,
51833,
51955,
51966,
52234,
52250,
52274,
52304,
52305,
52306,
52391,
53035,
55195,
55342,
55722,
55943,
56301,
56582,
56588,
56908,
57382,
57814,
58448,
58536,
60592,
60680,
60890,
61005,
61007,
61025,
61455,
63363,
63911,
131098,
131099,
131100,
131279,
131905,
132647,
136557,
138457,
142437,
152155,
197000,
197440,
197564,
197726,
197997,
198147,
199216,
199330,
199670,
200070,
201303,
201304,
201612,
201688,
202660,
203391,
204548,
204649,
205273,
206768,
207266,
208366,
208951,
209617,
210788,
211466,
211588,
211655,
263779,
263799,
264798,
265731,
267797,
267892,
271966,
328098,
328381,
328919,
329666,
393249,
393818,
394353,
394354,
395400,
396501,
396549,
396566,
396654,
396661,
397197,
398987,
399159,
399161,
399164
